   2 0.1888171E+02
   1 0.1877754E+02
   3 0.2091782E+02
   2 0.1956435E+02
   1 0.1938728E+02
   3 0.1932599E+02
   2 0.1922149E+02
   1 0.1950358E+02
   3 0.2029808E+02
   2 0.1881771E+02
   1 0.1954823E+02
   3 0.1978792E+02
   2 0.1878850E+02
   1 0.2073442E+02
   3 0.2030226E+02
   2 0.1982786E+02
   1 0.1953939E+02
   3 0.1942441E+02
   2 0.1881346E+02
   1 0.2040486E+02
   3 0.1920557E+02
   2 0.1894094E+02
   1 0.1859344E+02
   3 0.2054538E+02
   2 0.2050518E+02
   1 0.1986693E+02
   3 0.1987741E+02
   2 0.1944380E+02
   1 0.1929731E+02
   3 0.1909283E+02
   2 0.2012458E+02
   1 0.1959238E+02
   3 0.1987451E+02
   2 0.1851992E+02
   1 0.1941827E+02
   3 0.1873432E+02
   2 0.1993111E+02
   1 0.1915698E+02
   3 0.2016525E+02
   2 0.1996490E+02
   1 0.1874352E+02
   3 0.2023371E+02
   2 0.1951084E+02
   1 0.1992822E+02
   3 0.1979553E+02
   2 0.1890865E+02
   1 0.1831072E+02
   3 0.1952804E+02
   2 0.1980249E+02
   1 0.2109603E+02
   3 0.1899274E+02
   2 0.2072623E+02
   1 0.1957701E+02
   3 0.2001389E+02
   2 0.1972476E+02
   1 0.1884757E+02
   2 0.2029350E+02
   3 0.1891600E+02
   1 0.1873968E+02
   2 0.1932611E+02
   3 0.1970852E+02
   1 0.1921023E+02
   2 0.1951768E+02
   3 0.1969726E+02
   1 0.1989406E+02
   2 0.1936285E+02
   3 0.1985254E+02
   2 0.1931686E+02
   1 0.1971576E+02
   3 0.2010540E+02
   2 0.1908817E+02
   1 0.1904509E+02
   3 0.1954960E+02
   2 0.1966064E+02
   1 0.1937964E+02
   3 0.2077001E+02
   2 0.1961977E+02
   1 0.1914659E+02
   3 0.1951971E+02
   2 0.1957516E+02
   1 0.1959885E+02
   3 0.1925829E+02
   2 0.1905460E+02
   1 0.2049756E+02
   3 0.2043176E+02
   2 0.1925180E+02
   1 0.2061756E+02
   3 0.2080117E+02
   2 0.1919928E+02
   1 0.1875269E+02
   3 0.2027824E+02
   2 0.1907228E+02
   1 0.1986754E+02
   3 0.1895380E+02
   2 0.1973791E+02
   1 0.1973411E+02
   3 0.1848849E+02
   2 0.1910108E+02
   1 0.2006623E+02
   3 0.1905761E+02
   2 0.2029925E+02
   1 0.1983810E+02
   3 0.2031024E+02
   2 0.1841530E+02
   1 0.2034418E+02
   3 0.1874408E+02
   2 0.1960068E+02
   1 0.1992882E+02
   3 0.1942739E+02
   2 0.1902453E+02
   1 0.1937651E+02
   3 0.1998860E+02
   2 0.1925874E+02
   1 0.1984808E+02
   3 0.1919835E+02
   3 0.2055301E+02
   2 0.2001077E+02
   1 0.1925484E+02
   3 0.2005789E+02
   2 0.1958632E+02
   1 0.1919081E+02
   3 0.1838820E+02
   2 0.1911193E+02
   1 0.1977199E+02
   3 0.1946126E+02
   2 0.1890178E+02
   1 0.1901409E+02
   3 0.1922871E+02
   2 0.1964449E+02
   1 0.1926021E+02
   3 0.2041043E+02
   2 0.2015672E+02
   1 0.2055045E+02
   3 0.1944649E+02
   2 0.1904322E+02
   1 0.1910978E+02
   3 0.1921562E+02
   2 0.1944640E+02
   1 0.1938161E+02
   2 0.2046304E+02
   3 0.1853834E+02
   1 0.1916165E+02
   2 0.1989443E+02
   3 0.1985015E+02
   1 0.2042278E+02
   2 0.2041783E+02
   3 0.2019864E+02
   1 0.1902531E+02
   2 0.1993935E+02
   3 0.1933636E+02
   1 0.2031321E+02
   2 0.1966838E+02
   3 0.1922433E+02
   1 0.1975300E+02
   2 0.2033448E+02
   3 0.2122653E+02
   1 0.1854331E+02
   2 0.1883753E+02
   3 0.1916149E+02
   1 0.1927948E+02
   2 0.2030507E+02
   3 0.1903616E+02
   1 0.1928390E+02
   2 0.1863694E+02
   3 0.1973844E+02
   1 0.2013568E+02
   2 0.2020160E+02
   3 0.1974410E+02
   1 0.1878578E+02
   2 0.1848791E+02
   3 0.1993032E+02
   1 0.1986857E+02
   2 0.1989827E+02
   3 0.2003354E+02
   1 0.2008893E+02
   2 0.1949738E+02
   3 0.1908325E+02
   1 0.1833979E+02
   1 0.1408830E+02
   2 0.2038417E+02
   3 0.1920572E+02
   1 0.1942831E+02
   2 0.2096962E+02
   3 0.1910029E+02
   1 0.1913140E+02
   2 0.1904456E+02
   3 0.1900553E+02
   1 0.1952970E+02
   2 0.1966530E+02
   3 0.1977641E+02
   1 0.2059285E+02
   2 0.1980906E+02
   3 0.2125036E+02
   1 0.1890530E+02
   2 0.1975567E+02
   3 0.1835133E+02
   1 0.1873048E+02
   2 0.2041346E+02
   3 0.2008336E+02
   1 0.1883880E+02
   2 0.1920283E+02
   3 0.1952814E+02
   1 0.1873708E+02
   2 0.1899138E+02
   3 0.1991747E+02
   1 0.1897437E+02
   2 0.1999494E+02
   3 0.2001273E+02
   1 0.1964474E+02
   2 0.2003502E+02
   3 0.1899218E+02
   1 0.1911280E+02
   2 0.1983639E+02
   3 0.1889455E+02
   1 0.2017397E+02
   2 0.1859803E+02
   3 0.1953692E+02
   2 0.1960412E+02
   1 0.1900222E+02
   3 0.1912367E+02
   2 0.1966795E+02
   1 0.1925429E+02
   3 0.1927944E+02
   2 0.1913533E+02
   1 0.2031532E+02
   3 0.1933971E+02
   2 0.1887755E+02
   1 0.2031259E+02
   3 0.1974318E+02
   2 0.1980666E+02
   1 0.1959337E+02
   2 0.2049420E+02
   3 0.2116178E+02
   1 0.2036380E+02
   2 0.1981565E+02
   3 0.1952612E+02
   1 0.1962326E+02
   2 0.1974629E+02
   3 0.1978653E+02
   1 0.1942749E+02
   2 0.1949451E+02
   3 0.1902091E+02
   1 0.1913793E+02
   2 0.2022054E+02
   3 0.1979710E+02
   1 0.1876272E+02
   2 0.1996021E+02
   3 0.1911354E+02
   1 0.2097128E+02
   2 0.2036553E+02
   3 0.1999012E+02
   1 0.1945319E+02
   2 0.1956157E+02
   3 0.1926875E+02
   1 0.2120757E+02
   2 0.1964508E+02
   3 0.1873462E+02
   1 0.1975172E+02
   2 0.1975359E+02
   3 0.1922261E+02
   1 0.2065623E+02
   2 0.1992961E+02
   3 0.1905194E+02
   1 0.1944502E+02
   2 0.2098620E+02
   3 0.1883959E+02
   1 0.1948907E+02
   2 0.1886276E+02
   3 0.1950003E+02
   1 0.1962427E+02
   2 0.2033865E+02
   3 0.1880610E+02
   1 0.1926182E+02
   2 0.1945629E+02
   3 0.1973726E+02
   1 0.1945583E+02
   2 0.1952702E+02
   3 0.1941226E+02
   1 0.1967126E+02
   2 0.1930520E+02
   3 0.1953099E+02
   1 0.2059325E+02
   2 0.1961225E+02
   3 0.2025937E+02
   1 0.1924249E+02
   2 0.1924091E+02
   3 0.1895763E+02
   1 0.1900802E+02
   2 0.1888689E+02
   3 0.1950571E+02
   1 0.2090731E+02
   2 0.1824860E+02
   1 0.1899586E+02
   3 0.1898521E+02
   2 0.2035228E+02
   1 0.1994969E+02
   3 0.1936617E+02
   2 0.1901742E+02
   3 0.1905740E+02
   1 0.2101732E+02
   2 0.1925718E+02
   1 0.1992449E+02
   3 0.1980540E+02
   2 0.1946884E+02
   1 0.2071096E+02
   3 0.1961516E+02
   2 0.1848286E+02
   1 0.1858634E+02
   3 0.2009500E+02
   2 0.1971971E+02
   1 0.1994107E+02
   3 0.1916993E+02
   2 0.1981968E+02
   1 0.1968982E+02
   3 0.2012115E+02
   2 0.2013293E+02
   1 0.1984771E+02
   3 0.1921861E+02
   2 0.2025380E+02
   1 0.1944654E+02
   3 0.2016732E+02
   2 0.1921132E+02
   1 0.2125470E+02
   3 0.1925265E+02
   2 0.1954317E+02
   1 0.1990791E+02
   3 0.1916744E+02
   2 0.1966502E+02
   1 0.1946732E+02
   3 0.1995043E+02
   2 0.2040761E+02
   1 0.1940330E+02
   3 0.1945936E+02
   2 0.1927831E+02
   1 0.1995575E+02
   3 0.1979337E+02
   2 0.2077696E+02
   1 0.1987382E+02
   3 0.1976803E+02
   2 0.1970321E+02
   1 0.1955731E+02
   3 0.1941946E+02
   2 0.2023085E+02
   1 0.2036890E+02
   3 0.1951723E+02
   2 0.2021143E+02
   1 0.1980789E+02
   3 0.2064957E+02
   2 0.1986305E+02
   1 0.1940361E+02
   3 0.1892123E+02
   2 0.1869010E+02
   1 0.1872231E+02
   3 0.2008378E+02
   2 0.1872927E+02
   3 0.1938176E+02
   1 0.1996045E+02
   2 0.1924850E+02
   3 0.1894580E+02
   1 0.1998888E+02
   2 0.1999049E+02
   3 0.1982009E+02
   1 0.1917918E+02
   2 0.1878255E+02
   1 0.2049941E+02
   3 0.1934147E+02
   2 0.1824173E+02
   1 0.1929578E+02
   3 0.2091508E+02
   2 0.1997996E+02
   1 0.1969585E+02
   3 0.2029118E+02
   2 0.1920132E+02
   1 0.1934606E+02
   3 0.1939475E+02
   2 0.1935792E+02
   1 0.1938904E+02
   3 0.1845772E+02
   2 0.1862276E+02
   1 0.1962096E+02
   3 0.1878342E+02
   2 0.2001607E+02
   1 0.2014109E+02
   3 0.1993961E+02
   2 0.1943985E+02
   1 0.1821447E+02
   3 0.1970166E+02
   2 0.1891887E+02
   1 0.1962709E+02
   3 0.2029999E+02
   2 0.1973063E+02
   1 0.1940090E+02
   3 0.1902589E+02
   2 0.1895927E+02
   1 0.1924962E+02
   3 0.2028952E+02
   2 0.2015758E+02
   1 0.1946392E+02
   3 0.1955368E+02
   2 0.1931428E+02
   1 0.1880488E+02
   3 0.1951754E+02
   2 0.1947919E+02
   1 0.1974282E+02
   3 0.1985775E+02
   2 0.1893470E+02
   1 0.1947841E+02
   2 0.1949007E+02
   3 0.2095423E+02
   1 0.1933356E+02
   2 0.1884688E+02
   3 0.1999998E+02
   1 0.1924817E+02
   2 0.1920218E+02
   3 0.2000093E+02
   1 0.1968499E+02
   2 0.1957272E+02
   3 0.2016574E+02
   1 0.1971016E+02
   1 0.2027637E+02
   2 0.2003018E+02
   3 0.1998006E+02
   1 0.1878737E+02
   2 0.1916839E+02
   3 0.1996015E+02
   1 0.1961322E+02
   2 0.1986114E+02
   3 0.1827303E+02
   1 0.1955077E+02
   2 0.1890403E+02
   3 0.1950339E+02
   1 0.1940860E+02
   2 0.1993864E+02
   3 0.1973665E+02
   1 0.2035682E+02
   2 0.1950002E+02
   3 0.2070004E+02
   1 0.1927560E+02
   2 0.1955592E+02
   3 0.1892998E+02
   1 0.1885839E+02
   2 0.2008034E+02
   3 0.1957043E+02
   1 0.1923668E+02
   2 0.2028023E+02
   3 0.2014508E+02
   1 0.1878715E+02
   2 0.1895189E+02
   3 0.1984053E+02
   1 0.1963275E+02
   2 0.1828216E+02
   3 0.1860820E+02
   1 0.1872373E+02
   2 0.2032837E+02
   3 0.1866372E+02
   1 0.1923169E+02
   2 0.1997555E+02
   3 0.2008161E+02
   1 0.2004964E+02
   2 0.1932077E+02
   3 0.1873493E+02
   1 0.1953110E+02
   2 0.1995366E+02
   3 0.1874733E+02
   1 0.1947392E+02
   2 0.1941229E+02
   3 0.1928083E+02
   2 0.2148049E+02
   1 0.1942413E+02
   3 0.1918513E+02
   2 0.1925447E+02
   1 0.2001447E+02
   3 0.1995717E+02
   2 0.1996789E+02
   1 0.1829586E+02
   3 0.2039446E+02
   2 0.1941015E+02
   1 0.1900701E+02
   3 0.2000028E+02
   2 0.1920145E+02
   1 0.1934085E+02
   2 0.1953542E+02
   3 0.1858027E+02
   1 0.2017545E+02
   2 0.1961357E+02
   3 0.2028194E+02
   1 0.2055114E+02
   2 0.2116976E+02
   3 0.2032863E+02
   1 0.1883765E+02
   2 0.1886070E+02
   3 0.1992671E+02
   1 0.1986089E+02
   2 0.1818726E+02
   3 0.1995821E+02
   1 0.1929343E+02
   2 0.1974979E+02
   3 0.1953012E+02
   1 0.1934573E+02
   2 0.1990279E+02
   3 0.1905634E+02
   1 0.2020233E+02
   2 0.1983554E+02
   3 0.1928665E+02
   1 0.1919753E+02
   2 0.1945830E+02
   3 0.1994263E+02
   1 0.1959704E+02
   2 0.1853784E+02
   3 0.1923664E+02
   1 0.2048621E+02
   2 0.2083159E+02
   3 0.1895087E+02
   1 0.1943271E+02
   2 0.1952017E+02
   3 0.1949287E+02
   1 0.2029112E+02
   2 0.2020897E+02
   3 0.1886063E+02
   1 0.2026004E+02
   2 0.1888091E+02
   3 0.1962702E+02
   1 0.1914134E+02
   2 0.1882084E+02
   3 0.1975527E+02
   2 0.2030073E+02
   1 0.1998877E+02
   3 0.1911615E+02
   2 0.2033119E+02
   1 0.2009741E+02
   3 0.1914521E+02
   2 0.1924841E+02
   1 0.2013884E+02
   3 0.1860969E+02
   2 0.1995450E+02
   1 0.1909202E+02
   3 0.1893738E+02
   2 0.1952180E+02
   1 0.2016854E+02
   3 0.1990587E+02
   2 0.1877087E+02
   1 0.1983334E+02
   3 0.1877497E+02
   2 0.2058625E+02
   1 0.1936560E+02
   3 0.1892305E+02
   2 0.2011487E+02
   1 0.1901591E+02
   3 0.1895923E+02
   2 0.1966018E+02
   1 0.2003313E+02
   3 0.1892026E+02
   2 0.1950780E+02
   1 0.1959351E+02
   3 0.1913010E+02
   2 0.1930196E+02
   1 0.2003459E+02
   3 0.1945210E+02
   2 0.1980445E+02
   1 0.1934769E+02
   3 0.1966319E+02
   2 0.1932419E+02
   1 0.1876173E+02
   3 0.1898725E+02
   2 0.1957709E+02
   1 0.1900760E+02
   3 0.1969173E+02
   2 0.1864084E+02
   1 0.2009050E+02
   3 0.1967276E+02
   2 0.1987467E+02
   1 0.1936333E+02
   3 0.2002623E+02
   2 0.1929390E+02
   1 0.2009306E+02
   3 0.1897835E+02
   2 0.1981329E+02
   1 0.1976619E+02
   3 0.1937692E+02
   2 0.1975491E+02
   1 0.1906741E+02
   3 0.1972443E+02
   2 0.1924820E+02
   1 0.1920044E+02
   2 0.2120437E+02
   3 0.2055655E+02
   1 0.1920059E+02
   2 0.1969745E+02
   3 0.1938556E+02
   2 0.1880632E+02
   1 0.1960841E+02
   3 0.2161959E+02
   2 0.2095778E+02
   1 0.1911528E+02
   3 0.1997747E+02
   2 0.1924820E+02
   1 0.1912205E+02
   3 0.1897661E+02
   2 0.1925451E+02
   1 0.1901353E+02
   3 0.1913407E+02
   2 0.1860495E+02
   1 0.1957573E+02
   3 0.2020627E+02
   2 0.2029377E+02
   1 0.1879034E+02
   3 0.1916820E+02
   2 0.1841023E+02
   1 0.1996124E+02
   3 0.1962638E+02
   2 0.1967394E+02
   1 0.1843546E+02
   3 0.1869913E+02
   2 0.1941330E+02
   1 0.1949559E+02
   3 0.1943142E+02
   2 0.2011733E+02
   1 0.1982923E+02
   3 0.1900357E+02
   2 0.2049300E+02
   1 0.2010821E+02
   3 0.1935421E+02
   2 0.1927891E+02
   1 0.2039121E+02
   3 0.2043166E+02
   2 0.2050298E+02
   1 0.1888965E+02
   3 0.1941059E+02
   2 0.1953733E+02
   1 0.1943798E+02
   3 0.2072027E+02
   2 0.2090213E+02
   1 0.2069965E+02
   3 0.1993051E+02
   2 0.1958435E+02
   1 0.1897455E+02
   3 0.1869639E+02
   2 0.1907956E+02
   1 0.1971939E+02
   3 0.1976647E+02
   2 0.1945776E+02
   1 0.2056860E+02
   3 0.1950688E+02
   2 0.1809090E+02
   1 0.1959082E+02
   3 0.1985418E+02
   2 0.2085444E+02
   1 0.1972638E+02
   3 0.1856224E+02
   2 0.2046592E+02
   1 0.2000167E+02
   3 0.1909059E+02
   2 0.1925914E+02
   1 0.1884098E+02
   3 0.1837658E+02
   2 0.1935098E+02
   1 0.1948318E+02
   3 0.1907082E+02
   2 0.1982516E+02
   1 0.1926178E+02
   3 0.1903039E+02
   2 0.1987715E+02
   1 0.1894121E+02
   3 0.1924994E+02
   2 0.2001702E+02
   1 0.1952089E+02
   3 0.2008829E+02
   2 0.1899721E+02
   1 0.1978059E+02
   3 0.1954890E+02
   2 0.1923560E+02
   1 0.1994981E+02
   3 0.1938905E+02
   2 0.1934438E+02
   1 0.1953270E+02
   3 0.1969381E+02
   2 0.1935982E+02
   1 0.1970931E+02
   3 0.1906957E+02
   2 0.1969176E+02
   1 0.2009959E+02
   3 0.2005207E+02
   2 0.1848024E+02
   1 0.2010705E+02
   3 0.1989398E+02
   2 0.1910668E+02
   1 0.2018413E+02
   3 0.1946479E+02
   2 0.1914448E+02
   1 0.1904711E+02
   3 0.1985852E+02
   2 0.1935438E+02
   1 0.2021373E+02
   3 0.1933391E+02
   2 0.1953525E+02
   1 0.1923292E+02
   3 0.2033984E+02
   2 0.1969440E+02
   1 0.1977407E+02
   3 0.1964597E+02
   2 0.1982580E+02
   1 0.1991863E+02
   3 0.1895698E+02
   2 0.1972117E+02
   1 0.2005998E+02
   2 0.1961639E+02
   3 0.1951233E+02
   2 0.2439765E+01
   1 0.1924954E+02
   2 0.1118235E+02
   3 0.1850842E+02
   1 0.1938319E+02
   2 0.2009829E+02
   3 0.1980855E+02
   1 0.1982116E+02
   2 0.2026665E+02
   3 0.2022823E+02
   1 0.2022141E+02
   2 0.1942104E+02
   3 0.2030884E+02
   2 0.1991153E+02
   1 0.1990341E+02
   3 0.1937152E+02
   2 0.1911927E+02
   3 0.1923101E+02
   1 0.1971431E+02
   2 0.1945512E+02
   3 0.1998758E+02
   2 0.1982793E+02
   1 0.1990754E+02
   3 0.1954789E+02
   2 0.2017187E+02
   1 0.1880267E+02
   3 0.1974922E+02
   2 0.1908435E+02
   1 0.2028940E+02
   3 0.2027318E+02
   2 0.2026477E+02
   1 0.1861544E+02
   3 0.1949264E+02
   2 0.1961933E+02
   1 0.1905587E+02
   3 0.1922256E+02
   2 0.1935897E+02
   1 0.2045395E+02
   3 0.1972574E+02
   2 0.1863671E+02
   1 0.1883051E+02
   3 0.1906464E+02
   2 0.1929409E+02
   1 0.1917392E+02
   3 0.1956188E+02
   2 0.1957375E+02
   1 0.1909536E+02
   3 0.1997991E+02
   2 0.1877412E+02
   1 0.1900525E+02
   3 0.1869061E+02
   2 0.1988868E+02
   1 0.1980155E+02
   3 0.1952432E+02
   2 0.1930526E+02
   1 0.1918198E+02
   3 0.1944038E+02
   2 0.1890691E+02
   1 0.1973044E+02
   3 0.1982675E+02
   2 0.1899822E+02
   1 0.1929728E+02
   2 0.1970493E+02
   3 0.1929850E+02
   1 0.1897132E+02
   2 0.1970670E+02
   3 0.1905305E+02
   1 0.1980104E+02
   2 0.1979319E+02
   3 0.1960965E+02
   1 0.2043424E+02
   2 0.1884629E+02
   3 0.1992289E+02
   1 0.1942287E+02
   2 0.1831433E+02
   3 0.1986718E+02
   1 0.1891894E+02
   2 0.1950359E+02
   3 0.1924599E+02
   1 0.1979833E+02
   2 0.1922301E+02
   3 0.1934162E+02
   1 0.1940024E+02
   2 0.1885118E+02
   3 0.1873119E+02
   1 0.2011768E+02
   2 0.1992261E+02
   3 0.2006835E+02
   1 0.2034395E+02
   2 0.1939985E+02
   3 0.2037281E+02
   1 0.2004771E+02
   2 0.1932292E+02
   3 0.1866966E+02
   1 0.1811084E+02
   2 0.1952235E+02
   3 0.1997158E+02
   1 0.2006898E+02
   2 0.1910283E+02
   3 0.1869094E+02
   1 0.1951699E+02
   2 0.1889111E+02
   3 0.1978658E+02
   1 0.1982593E+02
   2 0.1886358E+02
   3 0.1886932E+02
   1 0.1927976E+02
   2 0.1902076E+02
   3 0.1882126E+02
   1 0.1931667E+02
   2 0.1938904E+02
   3 0.1880628E+02
   1 0.1929109E+02
   2 0.1928990E+02
   3 0.1979317E+02
   1 0.1961582E+02
   2 0.2003027E+02
   3 0.1996498E+02
   1 0.1947270E+02
   2 0.2014941E+02
   1 0.2040355E+02
   3 0.1966788E+02
   2 0.2005415E+02
   1 0.1903493E+02
   3 0.1928036E+02
   2 0.1877178E+02
   1 0.1900505E+02
   3 0.1991849E+02
   2 0.1917888E+02
   1 0.1952454E+02
   3 0.2056911E+02
   2 0.2045797E+02
   1 0.1916897E+02
   3 0.1984345E+02
   2 0.1985563E+02
   1 0.1933112E+02
   3 0.1932704E+02
   2 0.1935192E+02
   1 0.1939604E+02
   3 0.1947070E+02
   2 0.1908910E+02
   1 0.1920764E+02
   3 0.2025386E+02
   2 0.2055187E+02
   1 0.1903672E+02
   3 0.1945777E+02
   2 0.1974628E+02
   1 0.1984850E+02
   3 0.1831466E+02
   2 0.1972255E+02
   1 0.1956539E+02
   3 0.2061802E+02
   2 0.1955531E+02
   1 0.1954957E+02
   2 0.2114421E+02
   3 0.1828136E+02
   1 0.1992854E+02
   2 0.1838745E+02
   3 0.1891894E+02
   1 0.2021628E+02
   2 0.2085425E+02
   3 0.1980308E+02
   1 0.1977300E+02
   2 0.1898292E+02
   3 0.2015462E+02
   1 0.2093226E+02
   2 0.1965285E+02
   3 0.1961876E+02
   1 0.1958979E+02
   2 0.1941764E+02
   3 0.1926725E+02
   1 0.1937372E+02
   2 0.1922959E+02
   3 0.1924496E+02
   1 0.1947033E+02
   2 0.1958480E+02
   3 0.1970684E+02
   1 0.1903479E+02
   2 0.1923457E+02
   3 0.1852017E+02
   1 0.1916675E+02
   2 0.1823637E+02
   3 0.1903117E+02
   1 0.1866832E+02
   2 0.1966061E+02
   3 0.1907673E+02
   1 0.1928685E+02
   2 0.1993120E+02
   3 0.1933992E+02
   1 0.1923539E+02
   2 0.1994258E+02
   3 0.1893370E+02
   2 0.1852742E+02
   1 0.1994762E+02
   3 0.1921800E+02
   2 0.1928736E+02
   1 0.1985214E+02
   3 0.1995068E+02
   2 0.1948541E+02
   1 0.1869274E+02
   3 0.1920434E+02
   2 0.1958122E+02
   1 0.1966293E+02
   3 0.2065066E+02
   2 0.1902498E+02
   1 0.1970361E+02
   3 0.1940914E+02
   3 0.2082187E+02
   2 0.2027058E+02
   1 0.2030192E+02
   3 0.1921393E+02
   2 0.1937517E+02
   1 0.1928717E+02
   3 0.2028891E+02
   2 0.1956148E+02
   1 0.1974334E+02
   3 0.1891032E+02
   2 0.1855550E+02
   1 0.2026990E+02
   2 0.1988968E+02
   3 0.1968180E+02
   1 0.1877591E+02
   2 0.1931979E+02
   3 0.1988717E+02
   1 0.1922386E+02
   2 0.1858926E+02
   3 0.1913917E+02
   1 0.1940434E+02
   2 0.1909349E+02
   3 0.1943833E+02
   1 0.1953821E+02
   2 0.1838404E+02
   3 0.1946480E+02
   1 0.1960243E+02
   2 0.2017209E+02
   3 0.1924954E+02
   1 0.2032663E+02
   2 0.1963613E+02
   3 0.1877371E+02
   1 0.1879375E+02
   2 0.1874660E+02
   3 0.1959571E+02
   1 0.1953543E+02
   2 0.1996245E+02
   3 0.2046258E+02
   1 0.1902045E+02
   2 0.1997555E+02
   3 0.1885384E+02
   1 0.2038729E+02
   2 0.1906829E+02
   3 0.1989058E+02
   1 0.1988451E+02
   2 0.1903548E+02
   3 0.1919999E+02
   1 0.1895413E+02
   2 0.1994386E+02
   3 0.2034845E+02
   1 0.1879369E+02
   2 0.1953518E+02
   3 0.1976597E+02
   1 0.1985910E+02
   2 0.2001984E+02
   1 0.1932024E+02
   3 0.2029830E+02
   2 0.2059742E+02
   1 0.1897741E+02
   3 0.1956220E+02
   2 0.2039062E+02
   1 0.1970640E+02
   3 0.2040410E+02
   2 0.1900825E+02
   1 0.1900948E+02
   3 0.1848278E+02
   2 0.1875055E+02
   1 0.1946776E+02
   2 0.1974405E+02
   3 0.1933739E+02
   1 0.1912652E+02
   2 0.1939663E+02
   3 0.1932861E+02
   1 0.1961405E+02
   2 0.1875352E+02
   3 0.2014194E+02
   1 0.1958657E+02
   2 0.1903778E+02
   3 0.1991926E+02
   1 0.1894280E+02
   2 0.1907610E+02
   3 0.1981580E+02
   1 0.1939165E+02
   2 0.1884469E+02
   3 0.1996232E+02
   1 0.2013970E+02
   2 0.1920434E+02
   3 0.1935918E+02
   1 0.1861740E+02
   2 0.2068664E+02
   3 0.1934407E+02
   1 0.1871358E+02
   2 0.1858666E+02
   3 0.1890790E+02
   1 0.1952620E+02
   2 0.1901664E+02
   3 0.1965162E+02
   1 0.2028002E+02
   2 0.1922333E+02
   3 0.1928443E+02
   1 0.2023145E+02
   2 0.1908795E+02
   3 0.1866620E+02
   1 0.1976563E+02
   2 0.2013548E+02
   3 0.1964945E+02
   1 0.2001479E+02
   2 0.2012896E+02
   3 0.2002481E+02
   1 0.2024054E+02
   2 0.1906391E+02
   3 0.1951419E+02
   1 0.2030654E+02
   2 0.1903372E+02
   1 0.1955255E+02
   3 0.2003476E+02
   2 0.1873887E+02
   1 0.1945007E+02
   3 0.1953276E+02
   2 0.1973664E+02
   1 0.1956902E+02
   3 0.1987961E+02
   2 0.2023930E+02
   1 0.2147319E+02
   3 0.1966392E+02
   2 0.1941068E+02
   1 0.1913857E+02
   3 0.1923302E+02
   2 0.2010532E+02
   1 0.1977490E+02
   3 0.1851440E+02
   2 0.1953806E+02
   1 0.1977898E+02
   3 0.2072020E+02
   2 0.2017113E+02
   1 0.1948282E+02
   3 0.1849263E+02
   1 0.2021208E+02
   2 0.2013688E+02
   3 0.1912739E+02
   1 0.1955076E+02
   2 0.1997856E+02
   3 0.1932219E+02
   2 0.2024175E+02
   1 0.1886654E+02
   3 0.1925611E+02
   2 0.2003239E+02
   1 0.1886561E+02
   3 0.1939684E+02
   2 0.1878701E+02
   1 0.2056314E+02
   3 0.1934692E+02
   2 0.1945058E+02
   1 0.1940548E+02
   3 0.1873124E+02
   2 0.1882939E+02
   1 0.2089704E+02
   3 0.1996991E+02
   2 0.2018798E+02
   1 0.1902939E+02
   3 0.1941294E+02
   2 0.1882851E+02
   1 0.1951527E+02
   3 0.2063381E+02
   2 0.1932307E+02
   1 0.2000045E+02
   2 0.1975915E+02
   3 0.1957350E+02
   1 0.1896787E+02
   2 0.1974166E+02
   3 0.2031668E+02
   1 0.1951459E+02
   2 0.1942285E+02
   3 0.2005947E+02
   1 0.1995112E+02
   2 0.1972412E+02
   3 0.1959865E+02
   1 0.1971083E+02
   2 0.1897665E+02
   3 0.2015914E+02
   1 0.1961069E+02
   2 0.1851070E+02
   3 0.1855943E+02
   1 0.1990031E+02
   2 0.1905428E+02
   1 0.1926070E+02
   3 0.1978618E+02
   2 0.2027545E+02
   1 0.1922041E+02
   3 0.1839981E+02
   2 0.1830760E+02
   1 0.1896894E+02
   3 0.1873524E+02
   2 0.1921856E+02
   1 0.1995853E+02
   3 0.1907457E+02
   2 0.1966986E+02
   1 0.2031832E+02
   3 0.2023418E+02
   2 0.1921969E+02
   1 0.1951928E+02
   3 0.1932199E+02
   2 0.1951892E+02
   1 0.2003726E+02
   3 0.1968963E+02
   2 0.2050176E+02
   1 0.1907047E+02
   3 0.1978498E+02
   2 0.2045877E+02
   1 0.1962600E+02
   3 0.1973593E+02
   2 0.1879496E+02
   1 0.1829935E+02
   3 0.2015374E+02
   2 0.1985267E+02
   1 0.1973213E+02
   3 0.1908248E+02
   2 0.2008760E+02
   1 0.1941518E+02
   3 0.1884922E+02
   2 0.1852653E+02
   1 0.1892967E+02
   3 0.1922182E+02
   2 0.1984976E+02
   3 0.1894820E+02
   1 0.1942727E+02
   2 0.2100264E+02
   3 0.2081958E+02
   1 0.1924561E+02
   2 0.2013343E+02
   3 0.1901722E+02
   1 0.1871611E+02
   2 0.1929562E+02
   3 0.1855965E+02
   1 0.1988561E+02
   2 0.1823703E+02
   3 0.1997598E+02
   1 0.1996686E+02
   2 0.2051661E+02
   3 0.1859713E+02
   1 0.1937007E+02
   2 0.1990616E+02
   3 0.1942386E+02
   1 0.1939735E+02
   2 0.1896182E+02
   3 0.1918780E+02
   1 0.1920581E+02
   2 0.1899754E+02
   3 0.2078850E+02
   1 0.1945415E+02
   2 0.1893183E+02
   3 0.1982149E+02
   1 0.1877686E+02
   2 0.1867238E+02
   3 0.1983092E+02
   1 0.1957907E+02
   2 0.1987670E+02
   3 0.1954271E+02
   1 0.2016095E+02
   2 0.1933683E+02
   3 0.1982041E+02
   1 0.1886738E+02
   2 0.1927267E+02
   3 0.1881702E+02
   1 0.1876430E+02
   2 0.1846790E+02
   3 0.1879498E+02
   1 0.2084946E+02
   2 0.1924787E+02
   3 0.1944270E+02
   1 0.1922178E+02
   2 0.2022785E+02
   3 0.1930975E+02
   1 0.2009365E+02
   2 0.1883868E+02
   3 0.2022442E+02
   1 0.1989182E+02
   2 0.2040586E+02
   3 0.2017068E+02
   1 0.1956467E+02
   2 0.1889229E+02
   3 0.1879607E+02
   1 0.1973674E+02
   2 0.1913475E+02
   3 0.1975070E+02
   1 0.1991768E+02
   2 0.1910196E+02
   3 0.1862194E+02
   1 0.2007882E+02
   2 0.1980643E+02
   1 0.1053618E+02
   3 0.2044448E+02
   2 0.1922992E+02
   1 0.1985494E+02
   3 0.1964984E+02
   2 0.1948852E+02
   1 0.1905935E+02
   3 0.1997546E+02
   2 0.2155454E+02
   1 0.1950521E+02
   3 0.1938962E+02
   2 0.1917517E+02
   1 0.1922319E+02
   3 0.2012030E+02
   2 0.1995331E+02
   1 0.1934168E+02
   3 0.1873546E+02
   2 0.1959155E+02
   1 0.1964648E+02
   3 0.1964723E+02
   2 0.1987134E+02
   1 0.1950537E+02
   3 0.1973403E+02
   2 0.1969945E+02
   1 0.1903429E+02
   3 0.1864992E+02
   2 0.1909434E+02
   1 0.1913348E+02
   2 0.1972286E+02
   3 0.2074239E+02
   1 0.1918657E+02
   2 0.1980556E+02
   3 0.1882171E+02
   1 0.1946200E+02
   2 0.1931048E+02
   3 0.2100199E+02
   1 0.1954822E+02
   2 0.2018284E+02
   3 0.1969761E+02
   1 0.1960402E+02
   2 0.1962598E+02
   3 0.1930562E+02
   1 0.2114693E+02
   2 0.1930775E+02
   3 0.1902004E+02
   1 0.1964734E+02
   2 0.1861884E+02
   3 0.1937492E+02
   1 0.1963951E+02
   2 0.1968035E+02
   3 0.1913997E+02
   1 0.1930464E+02
   2 0.1955052E+02
   3 0.2006053E+02
   1 0.1888429E+02
   2 0.2052740E+02
   3 0.1973402E+02
   1 0.1967554E+02
   2 0.1881219E+02
   3 0.1893918E+02
   1 0.1982701E+02
   2 0.1892796E+02
   3 0.1872244E+02
   1 0.1999497E+02
   2 0.1959813E+02
   3 0.2038457E+02
   1 0.1858843E+02
   1 0.2106300E+02
   2 0.2056453E+02
   3 0.1956083E+02
   1 0.2006351E+02
   2 0.1989308E+02
   3 0.1906726E+02
   1 0.1960227E+02
   2 0.2053118E+02
   3 0.1929672E+02
   1 0.1847580E+02
   2 0.1888210E+02
   3 0.1971324E+02
   1 0.1899144E+02
   2 0.2044842E+02
   3 0.1979913E+02
   1 0.1990750E+02
   2 0.1867562E+02
   3 0.1987442E+02
   1 0.1991059E+02
   2 0.2085937E+02
   3 0.1938025E+02
   1 0.1924797E+02
   2 0.1977311E+02
   3 0.1927207E+02
   1 0.1984282E+02
   2 0.1896573E+02
   3 0.1913460E+02
   1 0.1942726E+02
   2 0.1937297E+02
   3 0.1953547E+02
   2 0.1925224E+02
   1 0.1923827E+02
   3 0.1968288E+02
   2 0.2033459E+02
   1 0.2006550E+02
   3 0.1934441E+02
   2 0.2061209E+02
   1 0.1860585E+02
   1 0.2190067E+02
   3 0.1951189E+02
   2 0.1907175E+02
   1 0.1961199E+02
   3 0.1943324E+02
   2 0.1944699E+02
   1 0.1954597E+02
   3 0.1969373E+02
   2 0.1896069E+02
   1 0.1993294E+02
   3 0.1967328E+02
   2 0.1902892E+02
   1 0.1970223E+02
   3 0.1973441E+02
   2 0.1961907E+02
   1 0.2042769E+02
   3 0.2087242E+02
   2 0.1940847E+02
   1 0.1918522E+02
   3 0.2016022E+02
   2 0.1896226E+02
   1 0.2098781E+02
   3 0.1881074E+02
   2 0.1923695E+02
   1 0.1825264E+02
   3 0.2077458E+02
   2 0.2083443E+02
   1 0.1875043E+02
   2 0.1986578E+02
   3 0.1939041E+02
   1 0.1961615E+02
   2 0.1950734E+02
   3 0.1887407E+02
   1 0.1979124E+02
   2 0.1975994E+02
   3 0.1968234E+02
   1 0.1922729E+02
   2 0.1849642E+02
   3 0.1977377E+02
   1 0.1965420E+02
   2 0.1884330E+02
   3 0.1999273E+02
   1 0.1973958E+02
   2 0.1916780E+02
   3 0.2001833E+02
   1 0.1983635E+02
   2 0.1890794E+02
   3 0.2044832E+02
   1 0.2100642E+02
   2 0.1895679E+02
   3 0.1865058E+02
   2 0.1674927E+02
   1 0.1878187E+02
   3 0.1930496E+02
   2 0.1917734E+02
   1 0.1926468E+02
   3 0.1968530E+02
   2 0.1953762E+02
   1 0.1852163E+02
   3 0.2012499E+02
   2 0.1991879E+02
   1 0.1998503E+02
   2 0.1991494E+02
   3 0.1983855E+02
   1 0.1932198E+02
   2 0.1951208E+02
   3 0.1931796E+02
   1 0.1939442E+02
   2 0.1891463E+02
   3 0.1893794E+02
   1 0.1976036E+02
   2 0.1976163E+02
   3 0.1969700E+02
   1 0.2020126E+02
   2 0.2011738E+02
   3 0.1829234E+02
   1 0.2001790E+02
   2 0.1943358E+02
   3 0.2006437E+02
   2 0.2035755E+02
   1 0.1851051E+02
   3 0.1988468E+02
   2 0.1972585E+02
   1 0.2009105E+02
   3 0.1967083E+02
   2 0.1888616E+02
   1 0.1895031E+02
   3 0.1927218E+02
   2 0.1981562E+02
   1 0.1951948E+02
   3 0.1942163E+02
   2 0.2049476E+02
   1 0.2020869E+02
   3 0.1990843E+02
   2 0.1971705E+02
   1 0.1911103E+02
   3 0.1903855E+02
   2 0.1852149E+02
   1 0.1991073E+02
   2 0.2050205E+02
   3 0.1957747E+02
   1 0.1889214E+02
   2 0.1943836E+02
   3 0.1998202E+02
   1 0.1898326E+02
   2 0.2035624E+02
   3 0.1964622E+02
   1 0.1853638E+02
   2 0.1944241E+02
   3 0.1857257E+02
   1 0.1817078E+02
   2 0.1848326E+02
   3 0.1947878E+02
   1 0.1946692E+02
   2 0.1931952E+02
   1 0.1931435E+02
   3 0.1963156E+02
   2 0.1909045E+02
   1 0.1987910E+02
   3 0.1894716E+02
   2 0.1958676E+02
   1 0.1973038E+02
   3 0.2049107E+02
   2 0.1983298E+02
   1 0.1917448E+02
   3 0.1923354E+02
   2 0.1891346E+02
   1 0.1925954E+02
   3 0.2068752E+02
   2 0.1869237E+02
   1 0.2063593E+02
   3 0.1939439E+02
   2 0.1994155E+02
   1 0.1932313E+02
   3 0.1968618E+02
   2 0.1894513E+02
   1 0.2013391E+02
   3 0.1926394E+02
   2 0.1961691E+02
   1 0.2000152E+02
   3 0.1941395E+02
   2 0.2049352E+02
   1 0.1932537E+02
   3 0.1981019E+02
   2 0.1940512E+02
   1 0.1997040E+02
   3 0.2011881E+02
   2 0.1952369E+02
   1 0.1887180E+02
   3 0.2024890E+02
   2 0.1949879E+02
   1 0.1972591E+02
   3 0.2025697E+02
   2 0.1946241E+02
   1 0.1885309E+02
   3 0.2002325E+02
   2 0.1966991E+02
   1 0.2032608E+02
   3 0.2065134E+02
   2 0.1863704E+02
   1 0.2000522E+02
   3 0.2093303E+02
   2 0.1959019E+02
   1 0.1974786E+02
   3 0.1948721E+02
   2 0.1903465E+02
   1 0.1973413E+02
   3 0.1942942E+02
   2 0.1977692E+02
   1 0.1993541E+02
   3 0.1892921E+02
   2 0.2064200E+02
   1 0.1946400E+02
   3 0.2032710E+02
   2 0.2095370E+02
   1 0.1974703E+02
   3 0.1999048E+02
   2 0.1964373E+02
   1 0.1968826E+02
   3 0.1978635E+02
   2 0.1993120E+02
   1 0.1968255E+02
   3 0.1973472E+02
   2 0.1972861E+02
   1 0.2005991E+02
   3 0.1979750E+02
   2 0.1919171E+02
   1 0.2078612E+02
   3 0.2075067E+02
   2 0.1932638E+02
   1 0.1972352E+02
