   3 0.1868425E+02
   1 0.1886062E+02
   2 0.1990244E+02
   3 0.1975435E+02
   1 0.1928262E+02
   2 0.1895966E+02
   3 0.1896760E+02
   1 0.1965381E+02
   2 0.2184706E+02
   3 0.1944254E+02
   1 0.2090786E+02
   2 0.1890292E+02
   3 0.2041099E+02
   1 0.1912341E+02
   2 0.1971341E+02
   3 0.1928590E+02
   1 0.1861139E+02
   2 0.1967905E+02
   3 0.2128282E+02
   1 0.1885888E+02
   2 0.1933812E+02
   3 0.1900336E+02
   1 0.1889126E+02
   2 0.1903857E+02
   3 0.1875546E+02
   1 0.1920512E+02
   2 0.2065224E+02
   3 0.2017778E+02
   1 0.1940094E+02
   2 0.1982431E+02
   3 0.1883431E+02
   1 0.2001336E+02
   2 0.1917551E+02
   3 0.2019287E+02
   1 0.1875245E+02
   2 0.2012282E+02
   3 0.1928049E+02
   1 0.1951046E+02
   2 0.1942149E+02
   3 0.2005716E+02
   1 0.1963008E+02
   2 0.1986570E+02
   3 0.2004527E+02
   1 0.1952522E+02
   2 0.1916763E+02
   3 0.1931853E+02
   1 0.2014350E+02
   2 0.2015694E+02
   3 0.1929939E+02
   1 0.1839202E+02
   2 0.2059507E+02
   3 0.2045499E+02
   1 0.1884293E+02
   2 0.1954910E+02
   3 0.1888911E+02
   1 0.1986668E+02
   2 0.2014682E+02
   3 0.2020861E+02
   1 0.1910470E+02
   2 0.1961335E+02
   3 0.1954923E+02
   1 0.1983809E+02
   2 0.1948277E+02
   3 0.2028783E+02
   1 0.1931774E+02
   2 0.1986399E+02
   3 0.1973638E+02
   1 0.1930644E+02
   2 0.1908076E+02
   3 0.1929898E+02
   1 0.1871351E+02
   2 0.1917209E+02
   3 0.1997063E+02
   1 0.1952301E+02
   2 0.1931384E+02
   3 0.1991198E+02
   1 0.1963998E+02
   2 0.1974045E+02
   3 0.1898259E+02
   1 0.1997229E+02
   2 0.1935076E+02
   3 0.1932235E+02
   1 0.1908051E+02
   2 0.1903372E+02
   3 0.1949366E+02
   1 0.2010409E+02
   2 0.1953407E+02
   3 0.1970944E+02
   1 0.2026280E+02
   2 0.1992157E+02
   3 0.1943514E+02
   1 0.1945785E+02
   2 0.1999404E+02
   3 0.2124999E+02
   1 0.1970886E+02
   2 0.1974603E+02
   3 0.1941587E+02
   1 0.1987215E+02
   2 0.1987393E+02
   3 0.1944894E+02
   1 0.1895478E+02
   2 0.1974859E+02
   3 0.1977805E+02
   1 0.1920326E+02
   2 0.2032690E+02
   3 0.2001853E+02
   1 0.1896450E+02
   2 0.1950498E+02
   3 0.1912335E+02
   1 0.1967729E+02
   2 0.1947201E+02
   3 0.1986513E+02
   1 0.1978489E+02
   2 0.1996437E+02
   3 0.1917572E+02
   1 0.1948918E+02
   2 0.1817289E+02
   3 0.2042028E+02
   1 0.1987912E+02
   2 0.1934670E+02
   3 0.1976438E+02
   1 0.1934398E+02
   2 0.1898797E+02
   3 0.1980503E+02
   1 0.1922949E+02
   2 0.1985115E+02
   3 0.1995156E+02
   1 0.2024155E+02
   2 0.1939041E+02
   3 0.1903707E+02
   1 0.1886243E+02
   2 0.2004401E+02
   3 0.1897313E+02
   1 0.1946332E+02
   2 0.1912320E+02
   3 0.1902318E+02
   1 0.1945714E+02
   2 0.1916515E+02
   3 0.2114876E+02
   1 0.1923839E+02
   2 0.1922068E+02
   3 0.1935548E+02
   1 0.2025743E+02
   2 0.2019581E+02
   3 0.1911683E+02
   1 0.1932664E+02
   2 0.1896871E+02
   3 0.2025052E+02
   1 0.1871919E+02
   2 0.1890144E+02
   3 0.1973110E+02
   1 0.1841386E+02
   2 0.1881934E+02
   3 0.1990426E+02
   1 0.1900234E+02
   2 0.1938070E+02
   3 0.1939960E+02
   1 0.1949631E+02
   2 0.1985920E+02
   3 0.1939490E+02
   1 0.2024690E+02
   2 0.1838706E+02
   3 0.2019385E+02
   1 0.1966110E+02
   2 0.1856063E+02
   3 0.2014906E+02
   1 0.1951100E+02
   2 0.2052092E+02
   3 0.1958557E+02
   1 0.2081542E+02
   2 0.1965690E+02
   3 0.1893716E+02
   1 0.1930139E+02
   2 0.2042896E+02
   3 0.1938082E+02
   1 0.1908244E+02
   2 0.2070049E+02
   3 0.1974057E+02
   1 0.1948003E+02
   2 0.1946619E+02
   3 0.1999746E+02
   1 0.1948400E+02
   2 0.1898000E+02
   3 0.1937246E+02
   1 0.2048637E+02
   2 0.2014533E+02
   3 0.2048341E+02
   1 0.2040261E+02
   2 0.1918372E+02
   3 0.1920247E+02
   1 0.1885459E+02
   2 0.1993969E+02
   3 0.1884758E+02
   1 0.1970866E+02
   2 0.1908370E+02
   3 0.1961470E+02
   1 0.2050816E+02
   2 0.2031032E+02
   3 0.2028220E+02
   1 0.1902206E+02
   3 0.1625567E+02
   3 0.2033998E+02
   2 0.1874458E+02
   1 0.1984880E+02
   3 0.2029292E+02
   2 0.1886337E+02
   1 0.1892476E+02
   3 0.2093944E+02
   2 0.1945172E+02
   1 0.1948032E+02
   3 0.1974382E+02
   2 0.1920580E+02
   1 0.2053662E+02
   2 0.1772788E+02
   3 0.1832259E+02
   1 0.1897578E+02
   2 0.1973750E+02
   3 0.1957000E+02
   1 0.1999015E+02
   2 0.2056820E+02
   3 0.1963839E+02
   1 0.1936827E+02
   2 0.1877426E+02
   3 0.1996119E+02
   1 0.1895644E+02
   2 0.1941841E+02
   3 0.2010081E+02
   1 0.1930690E+02
   2 0.1876977E+02
   1 0.2016052E+02
   3 0.1964287E+02
   2 0.1939092E+02
   1 0.2052660E+02
   3 0.1961285E+02
   2 0.1937826E+02
   1 0.2068668E+02
   3 0.2076213E+02
   2 0.1924517E+02
   1 0.1965871E+02
   3 0.1973948E+02
   2 0.1912607E+02
   1 0.1935357E+02
   3 0.2091961E+02
   2 0.1899593E+02
   1 0.1908570E+02
   3 0.1915159E+02
   2 0.1848693E+02
   1 0.1943988E+02
   3 0.1905922E+02
   2 0.1982403E+02
   1 0.1937528E+02
   3 0.1971690E+02
   2 0.2043628E+02
   1 0.1954690E+02
   3 0.2005889E+02
   2 0.2085663E+02
   1 0.1924903E+02
   3 0.1963082E+02
   2 0.1945076E+02
   1 0.1934421E+02
   3 0.1932105E+02
   2 0.1937623E+02
   1 0.1970618E+02
   3 0.1849626E+02
   2 0.1962680E+02
   1 0.1978328E+02
   3 0.1958798E+02
   2 0.1919690E+02
   1 0.1959584E+02
   3 0.1911866E+02
   2 0.1937276E+02
   3 0.1900801E+02
   1 0.1982927E+02
   2 0.2013830E+02
   3 0.1892885E+02
   1 0.1976213E+02
   2 0.1897947E+02
   3 0.1961943E+02
   1 0.1965323E+02
   2 0.1992943E+02
   3 0.1977445E+02
   1 0.1914100E+02
   2 0.2035963E+02
   3 0.1918084E+02
   1 0.1952061E+02
   2 0.2043155E+02
   3 0.1923502E+02
   1 0.1895429E+02
   2 0.1894881E+02
   3 0.2005610E+02
   1 0.1880616E+02
   2 0.1934003E+02
   3 0.1910733E+02
   1 0.1946374E+02
   2 0.2009528E+02
   3 0.2075298E+02
   1 0.2001295E+02
   2 0.1963779E+02
   3 0.1936898E+02
   1 0.1974419E+02
   2 0.1975944E+02
   3 0.2012895E+02
   1 0.1923861E+02
   2 0.1975995E+02
   3 0.2060931E+02
   1 0.1939262E+02
   2 0.2102676E+02
   3 0.1909499E+02
   1 0.1959632E+02
   2 0.1912113E+02
   3 0.1982193E+02
   1 0.1948934E+02
   2 0.1919870E+02
   3 0.1938457E+02
   1 0.1912783E+02
   2 0.1947213E+02
   3 0.2082172E+02
   1 0.1915203E+02
   2 0.2047837E+02
   3 0.2044725E+02
   1 0.1993882E+02
   2 0.1877865E+02
   3 0.1924108E+02
   1 0.2019978E+02
   2 0.1944474E+02
   3 0.1954086E+02
   1 0.1976790E+02
   2 0.1993650E+02
   3 0.2021238E+02
   1 0.1905807E+02
   2 0.1998539E+02
   3 0.1909653E+02
   1 0.2030235E+02
   2 0.1917160E+02
   3 0.2020472E+02
   1 0.2011350E+02
   2 0.2011048E+02
   3 0.2026995E+02
   1 0.1942154E+02
   2 0.1952218E+02
   3 0.1925316E+02
   2 0.2001942E+02
   1 0.1956866E+02
   3 0.1858065E+02
   2 0.2012813E+02
   1 0.1984445E+02
   3 0.1999769E+02
   2 0.1976343E+02
   1 0.2014151E+02
   3 0.1939316E+02
   2 0.1978407E+02
   1 0.1979584E+02
   3 0.1820566E+02
   1 0.1900412E+02
   2 0.1984218E+02
   3 0.2078026E+02
   1 0.1888859E+02
   2 0.1957703E+02
   3 0.1830324E+02
   1 0.1859365E+02
   2 0.2007719E+02
   3 0.2052650E+02
   2 0.2011890E+02
   1 0.1926871E+02
   3 0.2022000E+02
   2 0.1963769E+02
   1 0.2000746E+02
   3 0.1922929E+02
   2 0.2122744E+02
   1 0.1885146E+02
   3 0.2000462E+02
   2 0.1997225E+02
   1 0.1999204E+02
   3 0.2038411E+02
   1 0.2034282E+02
   2 0.1910090E+02
   3 0.2032849E+02
   2 0.1909754E+02
   1 0.1949047E+02
   3 0.2099678E+02
   2 0.1943661E+02
   1 0.1998321E+02
   3 0.2064193E+02
   2 0.1798970E+02
   1 0.1960521E+02
   3 0.2038060E+02
   2 0.1997232E+02
   1 0.1959191E+02
   3 0.2019933E+02
   2 0.1911607E+02
   1 0.1920866E+02
   2 0.2139301E+02
   3 0.1896349E+02
   1 0.1858664E+02
   2 0.1985381E+02
   3 0.1957478E+02
   1 0.1971718E+02
   2 0.2136975E+02
   3 0.1947293E+02
   1 0.1991252E+02
   2 0.1955036E+02
   3 0.2003598E+02
   1 0.1904727E+02
   2 0.2009829E+02
   3 0.1873216E+02
   1 0.1965298E+02
   2 0.1953203E+02
   3 0.1974276E+02
   1 0.2057699E+02
   2 0.1926270E+02
   3 0.1941470E+02
   1 0.1919564E+02
   2 0.1902364E+02
   3 0.1912629E+02
   1 0.1965318E+02
   2 0.2057718E+02
   3 0.1889201E+02
   1 0.1972708E+02
   2 0.1913206E+02
   3 0.1878623E+02
   1 0.1980850E+02
   2 0.1970184E+02
   3 0.1913287E+02
   3 0.2136530E+02
   1 0.2016027E+02
   2 0.1933026E+02
   3 0.1875957E+02
   1 0.1954830E+02
   2 0.1999784E+02
   3 0.1979937E+02
   1 0.1898383E+02
   2 0.2050654E+02
   3 0.2076165E+02
   1 0.1943215E+02
   2 0.1896784E+02
   1 0.2123060E+02
   3 0.2028538E+02
   2 0.1981437E+02
   1 0.2015279E+02
   3 0.1909053E+02
   2 0.1961254E+02
   1 0.1919801E+02
   3 0.1958841E+02
   2 0.2032027E+02
   1 0.1952699E+02
   3 0.1941110E+02
   2 0.2053851E+02
   1 0.1893121E+02
   3 0.2077121E+02
   2 0.2107806E+02
   1 0.1989080E+02
   3 0.1906061E+02
   2 0.1987308E+02
   1 0.1909568E+02
   3 0.1932229E+02
   2 0.1819109E+02
   1 0.1869093E+02
   3 0.1947182E+02
   2 0.1919655E+02
   1 0.2150889E+02
   3 0.1994818E+02
   2 0.1989155E+02
   1 0.1934460E+02
   3 0.1921035E+02
   2 0.1895435E+02
   1 0.2000693E+02
   3 0.1969209E+02
   2 0.1989565E+02
   1 0.1946530E+02
   3 0.1912740E+02
   2 0.1885885E+02
   1 0.1907926E+02
   3 0.1983704E+02
   2 0.2052018E+02
   1 0.1995798E+02
   3 0.1952783E+02
   2 0.1936793E+02
   1 0.1935953E+02
   3 0.2087131E+02
   2 0.1981637E+02
   1 0.1893299E+02
   3 0.2038886E+02
   2 0.2032785E+02
   1 0.2031499E+02
   3 0.1941843E+02
   2 0.2007661E+02
   1 0.1871401E+02
   3 0.1987684E+02
   2 0.1987522E+02
   1 0.1909159E+02
   3 0.2014557E+02
   2 0.1906644E+02
   1 0.1943267E+02
   3 0.1877431E+02
   2 0.1989365E+02
   1 0.1946109E+02
   3 0.1962404E+02
   2 0.1971673E+02
   1 0.1965053E+02
   3 0.2015026E+02
