   3 0.1092009E+02
   3 0.6235312E+02
   1 0.6248491E+02
   2 0.6294380E+02
   1 0.6330830E+02
   3 0.6258042E+02
   2 0.6325247E+02
   1 0.6259174E+02
   2 0.6353455E+02
   3 0.6254557E+02
   2 0.6238114E+02
   2 0.6262567E+02
   2 0.5232245E+02
   1 0.6255019E+02
   2 0.6261506E+02
   3 0.6285442E+02
   2 0.6321769E+02
   1 0.6263649E+02
   1 0.6289705E+02
   3 0.6290096E+02
   2 0.6297581E+02
   3 0.6350891E+02
   2 0.6333587E+02
   3 0.6243593E+02
   1 0.6249054E+02
   3 0.4774745E+02
   1 0.6292237E+02
   2 0.6292997E+02
   2 0.6318296E+02
   3 0.6298854E+02
   2 0.6253527E+02
   1 0.6302428E+02
   3 0.6273351E+02
   1 0.6303926E+02
   2 0.6284797E+02
   3 0.6355826E+02
   1 0.6287432E+02
   2 0.6338457E+02
   3 0.6222881E+02
   3 0.6326599E+02
   3 0.6282277E+02
   1 0.6277042E+02
   2 0.6280278E+02
   3 0.6294517E+02
   2 0.6256823E+02
   3 0.6295674E+02
   2 0.6379521E+02
   2 0.6285488E+02
   1 0.6255534E+02
   3 0.6378425E+02
   3 0.6195713E+02
   2 0.6255026E+02
   2 0.3292629E+02
   1 0.6265175E+02
   1 0.6261600E+02
   1 0.6312975E+02
   3 0.6253915E+02
   2 0.6261923E+02
   3 0.6327884E+02
   1 0.6291371E+02
   3 0.6212600E+02
   1 0.6220516E+02
   2 0.6268098E+02
   2 0.6332981E+02
   3 0.6215339E+02
   1 0.6335297E+02
   3 0.6360511E+02
   1 0.6323163E+02
   3 0.6328131E+02
   2 0.6287883E+02
   1 0.6245426E+02
   1 0.6153506E+02
   1 0.5217767E+02
   2 0.6263084E+02
   3 0.6295537E+02
   1 0.6337208E+02
   1 0.6225568E+02
   2 0.6281361E+02
   3 0.6264435E+02
   2 0.6306896E+02
   2 0.6263007E+02
   1 0.6251038E+02
   2 0.6271866E+02
   1 0.6319142E+02
   3 0.6287555E+02
   1 0.6255913E+02
   3 0.6348918E+02
   1 0.6329930E+02
   1 0.6359407E+02
   1 0.6308679E+02
   2 0.6296986E+02
   1 0.6359521E+02
   1 0.4285394E+02
   3 0.6264379E+02
   2 0.6335830E+02
   1 0.6267023E+02
   3 0.6262226E+02
   2 0.6318721E+02
   1 0.6270058E+02
   3 0.6255911E+02
   1 0.6356515E+02
   2 0.6298146E+02
   2 0.6291363E+02
   3 0.6314960E+02
   2 0.6228308E+02
   1 0.6297434E+02
   1 0.6255910E+02
   1 0.6342052E+02
   3 0.6337732E+02
   2 0.6282269E+02
   1 0.6301130E+02
   3 0.6275856E+02
   2 0.6300456E+02
   2 0.6335778E+02
   1 0.6285343E+02
   1 0.6271794E+02
   3 0.6268649E+02
   1 0.5589095E+02
   2 0.6295305E+02
   2 0.6166808E+02
   3 0.6271599E+02
   2 0.6347106E+02
   1 0.6323202E+02
   1 0.6234767E+02
   2 0.6252747E+02
   3 0.6239985E+02
   1 0.6321578E+02
   1 0.6301438E+02
   2 0.6318081E+02
   1 0.6230906E+02
   3 0.6306091E+02
   2 0.6275033E+02
   2 0.6365168E+02
   1 0.6311878E+02
   3 0.6319573E+02
   2 0.6266612E+02
   1 0.6342318E+02
   3 0.6300349E+02
   2 0.6328611E+02
   1 0.6297789E+02
   2 0.6132438E+02
   3 0.6316911E+02
   1 0.6276537E+02
   1 0.4842521E+02
   2 0.6277525E+02
   3 0.6309544E+02
   1 0.6234244E+02
   2 0.6265600E+02
   2 0.6341264E+02
   3 0.6308308E+02
   1 0.6278281E+02
   3 0.6227061E+02
   1 0.2639483E+02
   2 0.6225238E+02
   1 0.6382810E+02
   3 0.6250873E+02
   2 0.6263968E+02
   1 0.6282752E+02
   2 0.2553429E+02
   3 0.6256422E+02
   3 0.4389275E+02
   3 0.6290261E+02
   2 0.6302608E+02
   1 0.6259928E+02
   2 0.6078335E+02
   2 0.6347973E+02
   3 0.6265099E+02
   1 0.6290388E+02
   2 0.6316346E+02
   3 0.6313982E+02
   3 0.6208692E+02
   1 0.6265195E+02
   3 0.6253539E+02
   2 0.6334056E+02
   1 0.6250711E+02
   2 0.6272160E+02
   3 0.6333334E+02
   2 0.6265499E+02
   3 0.6255830E+02
   2 0.6285026E+02
   1 0.6338069E+02
   3 0.6272069E+02
   1 0.6276190E+02
   2 0.6224151E+02
   3 0.6343536E+02
   3 0.6353822E+02
   3 0.6291260E+02
   3 0.6305703E+02
   1 0.6344170E+02
   2 0.6298100E+02
   2 0.6336819E+02
   2 0.6218921E+02
   3 0.6292698E+02
   2 0.6297010E+02
   1 0.6259797E+02
   3 0.6302476E+02
   3 0.6316295E+02
   1 0.6214458E+02
   2 0.6295957E+02
   3 0.6292505E+02
   1 0.6281524E+02
   2 0.6324107E+02
   1 0.6261541E+02
   3 0.6355035E+02
   1 0.6327238E+02
   1 0.6358342E+02
   3 0.6315936E+02
   3 0.6271520E+02
   2 0.6300683E+02
   2 0.4769921E+02
   3 0.6285922E+02
   2 0.6310796E+02
   1 0.6286533E+02
   3 0.6180000E+02
   3 0.6315561E+02
   3 0.6244669E+02
   2 0.6299586E+02
   1 0.6306931E+02
   2 0.6278074E+02
   2 0.6300754E+02
   3 0.6300823E+02
   1 0.6317904E+02
   1 0.4733781E+02
   2 0.6316438E+02
   1 0.6275200E+02
   2 0.6238635E+02
   3 0.6253075E+02
   1 0.6233166E+02
   2 0.6282538E+02
   1 0.6292556E+02
   3 0.6277052E+02
   2 0.6326230E+02
   3 0.6355008E+02
   3 0.6280566E+02
   1 0.6357886E+02
   3 0.3319854E+02
   2 0.6238119E+02
   2 0.6282828E+02
   2 0.6306512E+02
   1 0.6315492E+02
   3 0.6334712E+02
   2 0.6289259E+02
   1 0.6228753E+02
   2 0.6307018E+02
   3 0.6265794E+02
   1 0.6266171E+02
   2 0.6233316E+02
   3 0.6307562E+02
   1 0.6261144E+02
   3 0.6347073E+02
   2 0.6278878E+02
   2 0.4944394E+02
   1 0.6264232E+02
   2 0.6261811E+02
   3 0.6296364E+02
   2 0.5122806E+02
   1 0.6267398E+02
   1 0.6274771E+02
   2 0.6284680E+02
   3 0.6262654E+02
   2 0.6322031E+02
   1 0.6276314E+02
   3 0.6338319E+02
   1 0.6219166E+02
   2 0.6262541E+02
   3 0.6345063E+02
   1 0.6255365E+02
   2 0.6321724E+02
   3 0.6233167E+02
   2 0.2928822E+02
   1 0.6237454E+02
   2 0.6200686E+02
   3 0.6283444E+02
   3 0.6351421E+02
   1 0.6296769E+02
   2 0.6252107E+02
   1 0.6250309E+02
   1 0.6342983E+02
   1 0.6337466E+02
   3 0.6298173E+02
   2 0.6276700E+02
   1 0.6317669E+02
   3 0.6245766E+02
   2 0.6325859E+02
   1 0.6298702E+02
   3 0.6305775E+02
   2 0.6259641E+02
   1 0.6262072E+02
   2 0.6280173E+02
   2 0.6320678E+02
   3 0.6283171E+02
   2 0.6276535E+02
   3 0.6253416E+02
   1 0.6265065E+02
   3 0.6292058E+02
   3 0.6368463E+02
   2 0.6333426E+02
   1 0.6319921E+02
   3 0.6262564E+02
   2 0.6279225E+02
   1 0.6311359E+02
   2 0.6244993E+02
   3 0.6334157E+02
   1 0.6297853E+02
   1 0.5968819E+02
   2 0.6383068E+02
   1 0.6254535E+02
   3 0.6255657E+02
   2 0.6295274E+02
   2 0.6380852E+02
   1 0.6280037E+02
   3 0.6267342E+02
   1 0.6355885E+02
   3 0.6235441E+02
   2 0.6252842E+02
   2 0.2478648E+02
   1 0.6253590E+02
   3 0.6277434E+02
   1 0.6228717E+02
   3 0.6325223E+02
   2 0.6350575E+02
   1 0.6236589E+02
   1 0.6255173E+02
   2 0.6221528E+02
   1 0.6228719E+02
   2 0.6230875E+02
   3 0.6324058E+02
   2 0.6294277E+02
   1 0.6277628E+02
   3 0.6272816E+02
   2 0.6312078E+02
   3 0.6312785E+02
   2 0.6228640E+02
   1 0.6287758E+02
   3 0.6261234E+02
   2 0.6268889E+02
   1 0.6274716E+02
   2 0.6257401E+02
   1 0.6272338E+02
   1 0.6300039E+02
   3 0.6287137E+02
   3 0.6278571E+02
   2 0.6287598E+02
   2 0.6299007E+02
   1 0.6321620E+02
   1 0.6276218E+02
   3 0.6253394E+02
   1 0.6336398E+02
   2 0.6317619E+02
   1 0.6337796E+02
   1 0.6247907E+02
   3 0.6306931E+02
   2 0.6236618E+02
   2 0.6352139E+02
   1 0.6301345E+02
   3 0.6307645E+02
   2 0.6268201E+02
   2 0.2834082E+02
   1 0.6329189E+02
   3 0.6259260E+02
   3 0.1065032E+02
   3 0.6263300E+02
   2 0.6316260E+02
   1 0.6303552E+02
   2 0.6297476E+02
   3 0.6277270E+02
   2 0.6233928E+02
   2 0.6361672E+02
   2 0.6389916E+02
   1 0.6267005E+02
   2 0.6322397E+02
   3 0.6324551E+02
   2 0.6307643E+02
   3 0.6348158E+02
   2 0.6271736E+02
   3 0.6358904E+02
   2 0.2722558E+02
   1 0.6283218E+02
   3 0.6325712E+02
   2 0.6338140E+02
   1 0.6248901E+02
   3 0.6244917E+02
   2 0.6245750E+02
   3 0.6303019E+02
   1 0.6265586E+02
   2 0.6241903E+02
   2 0.6315011E+02
   2 0.6256881E+02
   2 0.6309593E+02
   1 0.6336418E+02
   3 0.6259955E+02
   2 0.6263663E+02
   2 0.6339804E+02
   2 0.6228424E+02
   2 0.6355658E+02
   1 0.6305289E+02
   2 0.6230065E+02
   1 0.3253562E+02
   3 0.6237930E+02
   2 0.6304764E+02
   1 0.6100742E+02
   3 0.6281999E+02
   2 0.3219940E+02
   2 0.6200495E+02
   3 0.6241120E+02
   1 0.6272764E+02
   2 0.6364867E+02
   3 0.6271768E+02
   2 0.6389600E+02
   3 0.6366945E+02
   2 0.1992254E+02
   1 0.6298565E+02
   3 0.6237914E+02
   1 0.6297102E+02
   2 0.6317269E+02
   2 0.6379379E+02
   3 0.6210959E+02
   1 0.6270397E+02
   2 0.6260004E+02
   1 0.6290098E+02
   1 0.6356102E+02
   3 0.6311039E+02
   1 0.6272812E+02
   3 0.6303602E+02
   1 0.6320723E+02
   2 0.6302389E+02
   3 0.6220999E+02
   3 0.6330134E+02
   3 0.6262251E+02
   1 0.6243510E+02
   1 0.4013638E+02
   2 0.6241350E+02
   1 0.5576718E+02
   2 0.6275111E+02
   1 0.6270004E+02
   3 0.6254187E+02
   2 0.6224230E+02
   2 0.6196529E+02
   2 0.6255257E+02
   1 0.6322907E+02
   2 0.5985173E+02
   3 0.6288153E+02
   2 0.6247906E+02
   1 0.6263190E+02
   3 0.6315877E+02
   1 0.6251494E+02
   2 0.6235206E+02
   3 0.6243735E+02
   2 0.6361868E+02
   2 0.6064105E+01
   3 0.6333137E+02
   2 0.5760812E+02
   2 0.6263771E+02
   1 0.6327912E+02
   1 0.6131205E+02
   2 0.6241728E+02
   3 0.6307883E+02
   1 0.6293418E+02
   2 0.6269309E+02
   3 0.6284247E+02
   2 0.6224517E+02
   1 0.6312743E+02
   3 0.6216883E+02
   2 0.6299370E+02
   1 0.6252676E+02
   3 0.6250599E+02
   2 0.6306443E+02
   2 0.6350844E+02
   1 0.6287655E+02
   2 0.6302407E+02
   3 0.6256210E+02
   1 0.6307599E+02
   2 0.6323856E+02
   2 0.6289618E+02
   3 0.6222542E+02
   3 0.6341188E+02
   1 0.6265954E+02
   3 0.6260716E+02
   2 0.6243579E+02
   2 0.6290143E+02
   1 0.6269923E+02
   2 0.6377366E+02
   3 0.6285747E+02
   3 0.6218602E+02
   1 0.6257804E+02
   2 0.6292191E+02
   1 0.6259033E+02
   2 0.6296848E+02
   2 0.3627894E+02
   3 0.6291143E+02
   2 0.6260242E+02
   3 0.6235089E+02
   2 0.6341988E+02
   1 0.6335791E+02
   3 0.6311539E+02
   2 0.6337875E+02
   1 0.6315360E+02
   1 0.6261351E+02
   3 0.6368411E+02
   2 0.6243799E+02
   2 0.6266573E+02
   1 0.6282888E+02
   3 0.6345350E+02
   1 0.6391886E+02
   3 0.4598960E+02
   2 0.6313588E+02
   1 0.6290978E+02
   2 0.6300411E+02
   2 0.6245860E+02
   3 0.6304789E+02
   2 0.3777559E+02
   1 0.6321221E+02
   1 0.6284281E+02
   1 0.6165862E+02
   3 0.6300613E+02
   2 0.6301943E+02
   1 0.6321277E+02
   1 0.6220011E+02
   1 0.6190052E+02
   3 0.6303346E+02
   2 0.6258071E+02
   3 0.6277541E+02
   1 0.6264398E+02
   1 0.6276036E+02
   2 0.6278779E+02
   3 0.6238868E+02
   1 0.6246311E+02
   2 0.6338014E+02
   3 0.6280343E+02
   3 0.6313487E+02
   1 0.6272211E+02
   1 0.6382818E+02
   2 0.6244104E+02
   1 0.6307039E+02
   3 0.6225236E+02
   3 0.6221449E+02
   2 0.6250457E+02
   1 0.6275561E+02
   1 0.6302155E+02
   3 0.6258431E+02
   2 0.6309099E+02
   3 0.6310583E+02
   3 0.6230524E+02
   1 0.6285802E+02
   1 0.6322400E+02
   2 0.6275814E+02
   3 0.6214775E+02
   1 0.6342237E+02
   1 0.3767065E+02
   2 0.6317524E+02
   1 0.6282826E+02
   1 0.6250487E+02
   3 0.6326438E+02
   1 0.6342318E+02
   1 0.6334941E+02
   2 0.6234899E+02
   1 0.6350595E+02
   2 0.6198362E+02
   3 0.6289850E+02
   2 0.6290425E+02
   1 0.6311444E+02
   1 0.6295091E+02
   3 0.6356496E+02
   1 0.6318624E+02
   2 0.6232402E+02
   3 0.6349078E+02
   1 0.6283193E+02
   2 0.6298397E+02
   3 0.6340422E+02
   2 0.6318158E+02
   3 0.6288559E+02
   1 0.6278131E+02
   1 0.6283311E+02
   2 0.6294876E+02
   1 0.6282217E+02
   2 0.6355019E+02
   3 0.6253634E+02
   1 0.6267815E+02
   2 0.6209735E+02
   2 0.6323986E+02
   1 0.6303877E+02
   3 0.6268875E+02
   1 0.6355592E+02
   2 0.6270529E+02
   2 0.6235308E+02
   3 0.6307351E+02
   1 0.6290346E+02
   3 0.6247009E+02
   3 0.2900729E+02
   1 0.6220874E+02
   2 0.6315581E+02
   2 0.5695986E+02
   1 0.6213126E+02
   1 0.5698963E+02
   2 0.6284452E+02
   1 0.5718377E+02
   2 0.6265385E+02
   3 0.6236708E+02
   1 0.6293973E+02
   1 0.6279412E+02
   2 0.6246819E+02
   3 0.6306346E+02
   2 0.6170545E+02
   1 0.6299490E+02
   1 0.6366208E+02
   3 0.6260417E+02
   1 0.6294876E+02
   3 0.6372378E+02
   2 0.6269395E+02
   1 0.6318893E+02
   3 0.6273638E+02
   2 0.6198282E+02
   1 0.6247052E+02
   3 0.6282347E+02
   2 0.6275915E+02
   1 0.6286123E+02
   3 0.6306165E+02
   2 0.6303827E+02
   2 0.4421531E+02
   1 0.6225907E+02
   1 0.6277535E+02
   3 0.6312631E+02
   2 0.6301479E+02
   3 0.6311234E+02
   2 0.6289077E+02
   1 0.6302073E+02
   2 0.6234334E+02
   2 0.6307924E+02
   1 0.6307528E+02
   3 0.6324422E+02
   2 0.6238595E+02
   1 0.6268740E+02
   1 0.6193136E+02
   3 0.6334003E+02
   2 0.6297770E+02
   1 0.6378973E+02
   1 0.6240934E+02
   3 0.6304659E+02
   2 0.6294293E+02
   1 0.6266611E+02
   1 0.6254908E+02
   3 0.6244047E+02
   2 0.6274709E+02
   1 0.6246631E+02
   3 0.6317893E+02
   2 0.6318705E+02
   3 0.6259253E+02
   1 0.6282135E+02
   2 0.6312611E+02
   1 0.6265381E+02
   3 0.6237891E+02
   2 0.6278396E+02
   1 0.6237677E+02
   3 0.6254087E+02
   3 0.6331604E+02
   2 0.6298628E+02
   3 0.6390855E+02
   2 0.6238875E+02
   1 0.6295561E+02
   1 0.4356235E+02
   1 0.6298851E+02
   3 0.6326845E+02
   2 0.6367778E+02
   3 0.6319799E+02
   1 0.6233951E+02
   1 0.6276483E+02
   2 0.6285742E+02
   3 0.6292966E+02
   1 0.6292862E+02
   2 0.6273672E+02
   1 0.6313116E+02
   2 0.3417415E+02
   2 0.3887891E+02
   3 0.6314323E+02
   1 0.6283979E+02
   1 0.4901169E+02
   1 0.6328868E+02
   1 0.5936380E+02
   2 0.6265408E+02
   3 0.6335935E+02
   2 0.6316127E+02
   3 0.6318980E+02
   2 0.6236180E+02
   1 0.6268119E+02
   2 0.6351947E+02
   2 0.6359586E+02
   3 0.6291755E+02
   1 0.6293522E+02
   2 0.6297505E+02
   3 0.6309194E+02
   1 0.6302398E+02
   1 0.6254860E+02
   2 0.6397376E+02
   3 0.6321944E+02
   2 0.6307589E+02
   1 0.6259802E+02
   1 0.6037862E+02
   3 0.6306002E+02
   1 0.6251508E+02
   3 0.3772208E+02
   3 0.6155383E+02
   2 0.6331739E+02
   1 0.6318233E+02
   1 0.6301156E+02
   3 0.6291478E+02
   1 0.6235523E+02
   2 0.6245054E+02
   3 0.6290598E+02
   2 0.6326678E+02
   1 0.6291093E+02
   3 0.6285173E+02
   1 0.6329609E+02
   3 0.6197061E+02
   3 0.5785273E+02
   2 0.6224582E+02
   3 0.6176353E+02
   2 0.6284742E+02
   1 0.6303149E+02
   2 0.6379206E+02
   1 0.6288127E+02
   3 0.6281147E+02
   1 0.6271931E+02
   2 0.6337603E+02
   1 0.6214359E+02
   1 0.6263035E+02
   3 0.6292413E+02
   3 0.6313746E+02
   2 0.6240261E+02
   3 0.6332632E+02
   1 0.6270218E+02
   3 0.6230933E+02
   2 0.6271438E+02
   2 0.6350942E+02
   1 0.6235155E+02
   3 0.6298791E+02
   2 0.6261079E+02
   1 0.6362971E+02
   3 0.6308075E+02
   1 0.6366304E+02
   2 0.6212818E+02
   3 0.6326799E+02
   3 0.6316130E+02
   1 0.6250871E+02
   2 0.6277803E+02
   3 0.6284623E+02
   3 0.6364394E+02
   1 0.6265629E+02
   3 0.6320358E+02
   2 0.6323052E+02
   1 0.6314012E+02
   3 0.6298979E+02
   1 0.6295546E+02
   2 0.6308999E+02
   2 0.6305568E+02
   1 0.6296434E+02
   2 0.6284565E+02
   3 0.6304653E+02
   1 0.6239775E+02
   2 0.6305482E+02
   3 0.6267814E+02
   1 0.6259150E+02
   2 0.6317982E+02
   2 0.6213564E+02
   3 0.6306590E+02
   1 0.6213832E+02
   1 0.6269389E+02
   2 0.6255195E+02
   3 0.6236764E+02
   1 0.6323153E+02
   2 0.6332507E+02
   2 0.6275848E+02
   3 0.6286538E+02
   2 0.6252342E+02
   1 0.6294708E+02
   2 0.6277215E+02
   2 0.4362965E+02
   3 0.6323414E+02
   2 0.6205315E+02
   1 0.6250018E+02
   3 0.6308788E+02
   2 0.6325154E+02
   1 0.6232425E+02
   2 0.6290309E+02
   3 0.6276962E+02
   1 0.6287937E+02
   2 0.6334982E+02
   2 0.6333514E+02
   2 0.6275217E+02
   3 0.6300027E+02
   2 0.5144086E+02
   1 0.6250647E+02
   1 0.3511632E+02
   1 0.6248500E+02
   3 0.6292570E+02
   2 0.6295197E+02
   1 0.6284120E+02
   3 0.6339865E+02
   3 0.6302100E+02
   3 0.6343815E+02
   2 0.6239327E+02
   1 0.6291371E+02
   2 0.6230442E+02
   3 0.6327885E+02
   3 0.6347754E+02
   1 0.6289283E+02
   3 0.6210227E+02
   2 0.6297480E+02
   3 0.6309297E+02
   1 0.6321454E+02
   1 0.6261916E+02
   2 0.6266422E+02
   3 0.6292727E+02
   3 0.5929656E+02
   3 0.6312129E+02
   1 0.6302531E+02
   2 0.6297442E+02
   2 0.6277609E+02
   3 0.6270870E+02
   1 0.6234106E+02
   3 0.6268506E+02
   2 0.6281159E+02
   3 0.6271161E+02
   2 0.6297814E+02
   1 0.6278839E+02
   1 0.6319363E+02
   3 0.6282878E+02
   2 0.6237432E+02
   3 0.6292780E+02
   1 0.6309048E+02
   3 0.6261908E+02
   1 0.6250862E+02
   2 0.6274175E+02
   2 0.6278087E+02
   3 0.6291971E+02
   1 0.6269792E+02
   2 0.6254433E+02
   1 0.6333954E+02
   2 0.6274241E+02
   3 0.6284144E+02
   1 0.6317467E+02
   3 0.6209469E+02
   2 0.6301369E+02
   2 0.6267602E+02
   2 0.6354276E+02
   2 0.5867883E+02
   1 0.6250053E+02
   3 0.6277426E+02
   2 0.6411820E+02
   1 0.6332874E+02
   3 0.6335850E+02
   2 0.6331988E+02
   2 0.6312897E+02
   2 0.6366128E+02
   2 0.6226233E+02
   1 0.6307220E+02
   2 0.6297823E+02
   3 0.6227349E+02
   1 0.6245037E+02
   2 0.6238243E+02
   3 0.6253795E+02
   3 0.5524619E+02
   3 0.6347436E+02
   1 0.6272507E+02
   2 0.6284014E+02
   1 0.6311664E+02
   1 0.6345865E+02
   3 0.6268097E+02
   3 0.6200826E+02
   2 0.6324356E+02
   3 0.6214714E+02
   2 0.6340709E+02
   3 0.6284633E+02
   2 0.6267156E+02
   1 0.6298165E+02
   3 0.6242552E+02
   3 0.6318820E+02
   1 0.6329629E+02
   2 0.6291289E+02
   1 0.6237317E+02
   3 0.6270678E+02
   1 0.6322296E+02
   2 0.6255694E+02
   2 0.6197466E+02
   3 0.6303242E+02
   2 0.6285549E+02
   1 0.6242914E+02
   3 0.6131665E+02
   2 0.6249113E+02
   1 0.6239889E+02
   3 0.6338992E+02
   1 0.6239908E+02
   2 0.6301626E+02
   3 0.6322845E+02
   1 0.6335886E+02
   2 0.6322142E+02
   2 0.6289380E+02
   3 0.6289845E+02
   1 0.6344955E+02
   2 0.6329479E+02
   3 0.6300506E+02
   1 0.6267608E+02
   3 0.6214305E+02
   2 0.6314122E+02
   2 0.6260612E+02
   1 0.6270840E+02
   3 0.6276956E+02
   1 0.6254214E+02
   1 0.6332553E+02
   2 0.6316120E+02
   3 0.6264639E+02
   2 0.6271535E+02
   1 0.6259733E+02
   2 0.6236832E+02
   1 0.6235705E+02
   1 0.6332712E+02
   3 0.6297391E+02
   3 0.6311317E+02
   2 0.6265695E+02
   2 0.6331822E+02
   1 0.6268654E+02
   3 0.6254219E+02
   2 0.6242838E+02
   1 0.6299890E+02
   2 0.6310923E+02
   2 0.3931804E+02
   2 0.6213308E+02
   3 0.6284228E+02
   2 0.6207633E+02
   3 0.6191459E+02
   1 0.6303803E+02
   1 0.6345457E+02
   3 0.6261229E+02
   2 0.6274925E+02
   3 0.6184597E+02
   1 0.6256568E+02
   2 0.6264821E+02
   3 0.6252077E+02
   1 0.6294040E+02
   2 0.6326631E+02
   2 0.6272414E+02
   3 0.6229141E+02
   1 0.6240602E+02
   3 0.6201697E+02
   1 0.6258509E+02
   2 0.6273794E+02
   3 0.6285064E+02
   1 0.6270397E+02
   3 0.6374334E+02
   1 0.6277895E+02
   3 0.6346778E+02
   2 0.6265875E+02
   2 0.6281463E+02
   3 0.6309038E+02
   3 0.6281094E+02
   1 0.6330268E+02
   3 0.6231302E+02
   1 0.6371615E+02
   3 0.5703575E+02
   1 0.6299250E+02
   2 0.6297722E+02
   3 0.6239149E+02
   1 0.6224105E+02
   3 0.6292967E+02
   1 0.6267975E+02
   2 0.6223271E+02
   3 0.6263823E+02
   1 0.6330801E+02
   2 0.6252018E+02
   2 0.1426909E+02
   2 0.6312764E+02
   3 0.6232916E+02
   1 0.6318797E+02
   1 0.6339871E+02
   3 0.6246316E+02
   1 0.6301168E+02
   2 0.6264998E+02
   2 0.6377095E+02
   2 0.6323301E+02
   2 0.1128013E+02
   3 0.6217842E+02
   1 0.6270641E+02
   1 0.6212100E+02
   1 0.6205954E+02
   2 0.6261015E+02
   1 0.6400072E+02
   3 0.6258924E+02
   2 0.6250344E+02
   2 0.6314145E+02
   1 0.6299387E+02
   3 0.6287190E+02
   3 0.6396505E+02
   2 0.6286773E+02
   1 0.6283414E+02
   2 0.4672295E+02
   1 0.6334778E+02
   3 0.6268800E+02
   2 0.6278768E+02
   1 0.6269940E+02
   1 0.6305906E+02
   3 0.6247977E+02
   2 0.6277389E+02
   2 0.6282874E+02
   1 0.6247536E+02
   3 0.6266056E+02
   2 0.6275428E+02
   2 0.2756184E+02
   1 0.6275408E+02
   3 0.6270897E+02
   1 0.6248564E+02
   2 0.6354481E+02
   1 0.2947986E+02
   3 0.6204307E+02
   2 0.6276521E+02
   1 0.6251292E+02
   3 0.6282883E+02
   2 0.6205582E+02
   2 0.6293244E+02
   1 0.6333769E+02
   3 0.6233252E+02
   1 0.6231571E+02
   2 0.6275736E+02
   3 0.6302714E+02
   1 0.6317083E+02
   3 0.6181290E+02
   2 0.6307478E+02
   3 0.4789137E+02
   1 0.6255414E+02
   2 0.6238158E+02
   3 0.6263668E+02
   2 0.6321920E+02
   1 0.6288816E+02
   3 0.6284447E+02
   2 0.6293908E+02
   3 0.2621477E+02
   2 0.6222773E+02
   3 0.6335186E+02
   1 0.6319145E+02
   2 0.6270557E+02
   1 0.6266304E+02
   3 0.6290746E+02
   3 0.6192654E+02
   3 0.5552345E+02
   2 0.6309005E+02
   3 0.6412486E+02
   1 0.6247528E+02
   1 0.6266197E+02
   1 0.4174597E+02
   2 0.6316303E+02
   1 0.6267777E+02
   3 0.6360612E+02
   2 0.6292977E+02
   1 0.6253621E+02
   1 0.6361121E+02
   1 0.6291460E+02
   2 0.6288377E+02
   3 0.6338884E+02
   2 0.6055541E+02
   2 0.6235515E+02
   3 0.6260054E+02
   1 0.6258269E+02
   2 0.6370767E+02
   2 0.6278815E+02
   1 0.6310926E+02
   3 0.6283246E+02
   1 0.6307046E+02
   1 0.6327411E+02
   2 0.6299990E+02
   2 0.6386803E+02
   1 0.6289091E+02
   3 0.6251900E+02
   3 0.6209972E+02
   2 0.6297627E+02
   1 0.6325010E+02
   2 0.6279242E+02
   3 0.6323189E+02
   1 0.6277985E+02
   2 0.6293516E+02
   1 0.6245159E+02
   3 0.6362080E+02
   2 0.6284602E+02
   1 0.6313922E+02
   3 0.6270999E+02
   3 0.6294959E+02
   2 0.6257320E+02
   3 0.6247934E+02
   1 0.6261495E+02
   3 0.5666738E+02
   1 0.6237139E+02
   2 0.6282954E+02
   2 0.6393573E+02
   2 0.6242345E+02
   3 0.6250030E+02
   1 0.6298999E+02
   2 0.6338588E+02
   3 0.6267854E+02
   1 0.6298360E+02
   2 0.6349333E+02
   2 0.3048185E+02
   1 0.6291310E+02
   2 0.1117997E+02
   2 0.6269969E+02
   3 0.6295411E+02
   1 0.6270176E+02
   2 0.6229799E+02
   3 0.6277898E+02
   3 0.6244134E+02
   1 0.6326531E+02
   1 0.6253513E+02
   2 0.6271872E+02
   2 0.6214184E+02
   3 0.6259981E+02
   2 0.6229850E+02
   3 0.6243861E+02
   1 0.6291617E+02
   2 0.6219797E+02
   2 0.6322882E+02
   1 0.6305960E+02
   3 0.6273375E+02
   1 0.6331088E+02
   2 0.6278639E+02
   3 0.6320320E+02
   2 0.6229699E+02
   1 0.6273484E+02
   2 0.6270101E+02
   1 0.6289729E+02
   3 0.6279324E+02
   3 0.6312872E+02
   2 0.6263345E+02
   3 0.6335656E+02
   1 0.6310297E+02
   2 0.6389483E+02
   2 0.6351197E+02
   2 0.6282019E+02
   2 0.4648917E+02
   3 0.6262751E+02
   1 0.6283191E+02
   3 0.6341789E+02
   2 0.6270338E+02
   1 0.6254588E+02
   2 0.6227441E+02
   3 0.6346580E+02
   2 0.6388856E+02
   1 0.6258768E+02
   3 0.6353912E+02
   2 0.6278870E+02
   3 0.6158234E+02
   3 0.6336837E+02
   1 0.6257837E+02
   3 0.6355884E+02
   1 0.6246907E+02
   2 0.6275708E+02
   3 0.6284888E+02
   1 0.6294388E+02
   3 0.6315398E+02
   2 0.6275730E+02
   1 0.6264146E+02
   3 0.6278920E+02
   2 0.6277519E+02
   3 0.6261360E+02
   1 0.6248298E+02
   1 0.6292405E+02
   1 0.6374620E+02
   2 0.6253225E+02
   3 0.6262675E+02
   1 0.6338652E+02
   2 0.6393316E+02
   3 0.6270504E+02
   1 0.6299920E+02
   2 0.6297110E+02
   2 0.6310202E+02
   3 0.6285505E+02
   1 0.6281983E+02
   3 0.6246550E+02
   2 0.6234468E+02
   3 0.6306433E+02
   1 0.6215740E+02
   1 0.5308435E+02
   1 0.6356900E+02
   2 0.6307698E+02
   2 0.1091570E+02
   3 0.6267834E+02
   3 0.6399126E+02
   1 0.6250915E+02
   2 0.6365721E+02
   3 0.6313197E+02
   1 0.6252853E+02
   2 0.6230047E+02
   2 0.6306238E+02
   3 0.6279892E+02
   1 0.6276505E+02
   2 0.6283251E+02
   1 0.6214472E+02
   3 0.6248592E+02
   2 0.6248669E+02
   1 0.6270515E+02
   3 0.6246312E+02
   2 0.6297598E+02
   2 0.6313551E+02
   1 0.6293135E+02
   3 0.6305122E+02
   2 0.6323477E+02
   1 0.6295339E+02
   3 0.6294619E+02
   1 0.6270615E+02
   2 0.6264024E+02
   2 0.6363679E+02
   3 0.6281896E+02
   3 0.5388000E+02
   1 0.6284063E+02
   2 0.6233415E+02
   2 0.6334174E+02
   1 0.6248509E+02
   3 0.6313420E+02
   2 0.6233927E+02
   1 0.6308565E+02
   3 0.6317837E+02
   1 0.6185800E+02
   1 0.6252020E+02
   3 0.6292890E+02
   3 0.6354858E+02
   2 0.6242574E+02
   3 0.6309154E+02
   1 0.6345926E+02
   2 0.6314346E+02
   3 0.6313564E+02
   1 0.6266814E+02
   2 0.6339921E+02
   2 0.2501267E+02
   3 0.6243976E+02
   2 0.6286817E+02
   1 0.6320121E+02
   3 0.6297310E+02
   2 0.6278326E+02
   1 0.6300271E+02
   2 0.6312305E+02
   2 0.6218724E+02
   3 0.6236484E+02
   2 0.4899595E+02
   3 0.6348077E+02
   1 0.6257047E+02
   2 0.6251557E+02
   3 0.6293137E+02
   2 0.6291691E+02
   1 0.6285093E+02
   2 0.6195486E+02
   2 0.6379533E+02
   3 0.6314213E+02
   2 0.6238314E+02
   1 0.6257338E+02
   3 0.6304028E+02
   2 0.6295189E+02
   3 0.6352275E+02
   1 0.6326012E+02
   3 0.6311585E+02
   1 0.6353654E+02
   1 0.6341710E+02
   1 0.6272941E+02
   2 0.6307024E+02
   1 0.6331146E+02
   3 0.6260997E+02
   3 0.6360444E+02
   2 0.6292728E+02
   3 0.6240631E+02
   2 0.6261385E+02
   3 0.6337835E+02
   1 0.6280185E+02
   2 0.6314482E+02
   2 0.6368826E+02
   1 0.6285493E+02
   3 0.6326881E+02
   1 0.6323872E+02
   2 0.6346971E+02
   3 0.6226488E+02
   1 0.6284827E+02
   3 0.6175711E+02
   2 0.6261582E+02
   2 0.6245526E+02
   1 0.6239211E+02
   1 0.5870603E+02
   3 0.6231674E+02
   2 0.6336602E+02
   2 0.2124404E+02
   1 0.6190801E+02
   3 0.6365441E+02
   2 0.6281140E+02
   1 0.6278596E+02
   2 0.6324455E+02
   3 0.6279654E+02
   2 0.6209400E+02
   1 0.6235767E+02
   3 0.6268010E+02
   1 0.6248969E+02
   2 0.6339682E+02
   3 0.6214924E+02
   1 0.6355060E+02
   2 0.6315422E+02
   1 0.4289353E+02
   3 0.6311057E+02
   1 0.6216144E+02
   3 0.6261982E+02
   2 0.6216713E+02
   1 0.6266047E+02
   3 0.6284508E+02
   1 0.6318554E+02
   2 0.6300544E+02
   2 0.6281728E+02
   3 0.6321347E+02
   1 0.6285757E+02
   3 0.6335453E+02
   1 0.6322356E+02
   2 0.6290359E+02
   2 0.5373351E+02
   1 0.6225787E+02
   2 0.6295893E+02
   3 0.6300716E+02
   2 0.6302345E+02
   3 0.6331070E+02
   3 0.6311524E+02
   1 0.6257103E+02
   3 0.6289415E+02
   2 0.6283864E+02
   2 0.6278705E+02
   1 0.6346107E+02
   3 0.6318913E+02
   3 0.5854713E+02
   2 0.6279812E+02
   1 0.6326323E+02
   1 0.5678839E+02
   3 0.6288734E+02
   1 0.6282172E+02
   2 0.6294978E+02
   1 0.6258592E+02
   3 0.6297533E+02
   2 0.6301305E+02
   1 0.6338639E+02
   3 0.6274212E+02
   3 0.6220435E+02
   2 0.6257512E+02
   1 0.6299794E+02
   3 0.6260635E+02
   2 0.6280151E+02
   1 0.6309304E+02
   2 0.5128562E+02
   3 0.6215715E+02
   3 0.6355072E+02
   1 0.6252137E+02
   2 0.6271121E+02
   1 0.6290939E+02
   2 0.6247817E+02
   1 0.6346144E+02
   3 0.6294229E+02
   1 0.6303865E+02
   3 0.6339338E+02
   3 0.5088777E+02
   3 0.2039827E+02
   1 0.6256490E+02
   3 0.4283700E+02
   2 0.6256981E+02
   3 0.5665364E+02
   1 0.6305705E+02
   1 0.6308977E+02
   2 0.6316586E+02
   3 0.6279318E+02
   2 0.6378208E+02
   2 0.6318565E+02
   1 0.6318542E+02
   1 0.6285657E+02
   3 0.6335996E+02
   2 0.6296393E+02
   1 0.6255210E+02
   3 0.6288280E+02
   2 0.6312373E+02
   2 0.6285223E+02
   1 0.6260023E+02
   2 0.6327346E+02
   3 0.6262236E+02
   2 0.6381079E+02
   2 0.6329629E+02
   3 0.6191864E+02
   2 0.6286506E+02
   1 0.6268813E+02
   3 0.6287579E+02
   3 0.6255946E+02
   2 0.6245912E+02
   1 0.6346421E+02
   3 0.6333755E+02
   2 0.6291938E+02
   1 0.6291436E+02
   2 0.6255520E+02
   2 0.6221611E+02
   3 0.6263386E+02
   2 0.6185082E+02
   1 0.6277820E+02
   1 0.8988190E+01
   3 0.6283866E+02
   2 0.6303660E+02
   2 0.6235853E+02
   1 0.6284662E+02
   2 0.6292441E+02
   2 0.5171485E+02
   3 0.6308590E+02
   2 0.6242778E+02
   3 0.6258704E+02
   1 0.6224701E+02
   2 0.6308651E+02
   2 0.3231241E+02
   3 0.6324966E+02
   3 0.2004718E+02
   1 0.6323730E+02
   2 0.6288492E+02
   2 0.6430484E+02
   1 0.6201017E+02
   2 0.6329796E+02
   1 0.6222819E+02
   2 0.6347245E+02
   3 0.6234069E+02
   2 0.6270282E+02
   3 0.6307583E+02
   3 0.1077328E+02
   3 0.6322285E+02
   1 0.6328717E+02
   3 0.6192395E+02
   1 0.6179275E+02
   2 0.6257395E+02
   3 0.6301119E+02
   1 0.6289335E+02
   2 0.6269224E+02
   3 0.6269868E+02
   1 0.6300613E+02
   2 0.6238961E+02
   2 0.6219436E+02
   3 0.6269258E+02
   3 0.6193708E+02
   1 0.6284970E+02
   3 0.4845061E+02
   3 0.6234545E+02
   2 0.6268729E+02
   1 0.6285202E+02
   3 0.6328683E+02
   2 0.6328360E+02
   3 0.6249729E+02
   1 0.6285363E+02
   2 0.6226718E+02
   3 0.6244936E+02
   1 0.6332734E+02
   2 0.6330236E+02
   3 0.6277456E+02
   1 0.6310347E+02
   3 0.6074986E+02
   1 0.6236728E+02
   3 0.6350489E+02
   2 0.6282056E+02
   1 0.6301397E+02
   1 0.6272892E+02
   2 0.6304599E+02
   3 0.6291852E+02
   3 0.6357141E+02
   1 0.6327702E+02
   2 0.6285532E+02
   1 0.6341842E+02
   3 0.6314696E+02
   1 0.6258990E+02
   3 0.6247248E+02
   2 0.6331183E+02
   3 0.6306898E+02
   3 0.5419263E+02
   1 0.6344598E+02
   3 0.5906167E+02
   1 0.6186782E+02
   2 0.6282964E+02
   1 0.6194839E+02
   2 0.6238191E+02
   2 0.6207240E+02
   3 0.6271186E+02
   1 0.6332583E+02
   2 0.6326911E+02
   3 0.6268931E+02
   2 0.6305594E+02
   3 0.6327842E+02
   1 0.6247745E+02
   3 0.6317272E+02
   1 0.6188959E+02
   3 0.6270168E+02
   1 0.6198145E+02
   2 0.6332869E+02
   3 0.6275610E+02
   1 0.6314066E+02
   3 0.4086256E+02
   2 0.6307994E+02
   1 0.6211308E+02
   2 0.6257326E+02
   2 0.4202996E+02
   1 0.6278283E+02
   2 0.6292234E+02
   1 0.6315814E+02
   2 0.5742537E+02
   3 0.6317963E+02
   2 0.6232405E+02
   1 0.6258567E+02
   3 0.6238854E+02
