  1.000000000000000E-002  1.246099874899418E-002
  2.000000000000000E-002  2.511161857580254E-002
  3.000000000000000E-002  3.736022979053836E-002
  4.000000000000000E-002  4.892934652425028E-002
  5.000000000000000E-002  6.000557185052223E-002
  6.000000000000000E-002  7.162456006443667E-002
  7.000000000000001E-002  8.334447783797148E-002
  8.000000000000000E-002  9.542751154702396E-002
  9.000000000000000E-002  0.107080755009438     
  0.100000000000000       0.118007471168995     
  0.110000000000000       0.128935250957730     
  0.120000000000000       0.140019985201559     
  0.130000000000000       0.151215242254385     
  0.140000000000000       0.162701770990841     
  0.150000000000000       0.174161797156605     
  0.160000000000000       0.185092010541166     
  0.170000000000000       0.195578276163928     
  0.180000000000000       0.206147947394084     
  0.190000000000000       0.216913007128548     
  0.200000000000000       0.227361280511456     
  0.210000000000000       0.237324512272852     
  0.220000000000000       0.247178824465938     
  0.230000000000000       0.257105660416268     
  0.240000000000000       0.267387640562552     
  0.250000000000000       0.276411314691899     
  0.260000000000000       0.284799362348388     
  0.270000000000000       0.293051216507441     
  0.280000000000000       0.301417651939400     
  0.290000000000000       0.310081643232544     
  0.300000000000000       0.318726669008264     
  0.310000000000000       0.326946246228766     
  0.320000000000000       0.335004901230850     
  0.330000000000000       0.343001885522187     
  0.340000000000000       0.351003658621719     
  0.350000000000000       0.358811760558935     
  0.360000000000000       0.366668966757661     
  0.370000000000000       0.374471617574132     
  0.380000000000000       0.382335153639641     
  0.390000000000000       0.390248625214369     
  0.400000000000000       0.398262656519844     
  0.410000000000000       0.405337011549584     
  0.420000000000000       0.412912219981782     
  0.430000000000000       0.419756034706553     
  0.440000000000000       0.426283591219904     
  0.450000000000000       0.432411827090340     
  0.460000000000000       0.438497694623403     
  0.470000000000000       0.443927902922943     
  0.480000000000000       0.448622072651326     
  0.490000000000000       0.453634810651469     
  0.500000000000000       0.459011836681076     
  0.510000000000000       0.464612975717960     
  0.520000000000000       0.470695253456225     
  0.530000000000000       0.476086447639021     
  0.540000000000000       0.481636064565275     
  0.550000000000000       0.487569352408103     
  0.560000000000000       0.493804774874372     
  0.570000000000000       0.499624356994959     
  0.580000000000000       0.505004762912609     
  0.590000000000000       0.510125832387167     
  0.600000000000000       0.514977882628508     
  0.610000000000000       0.519545432690121     
  0.620000000000000       0.523376894650895     
  0.630000000000000       0.527416198560976     
  0.640000000000000       0.531689347301692     
  0.650000000000000       0.535854619170069     
  0.660000000000000       0.538959210435228     
  0.670000000000000       0.540740787534364     
  0.680000000000000       0.541956632770493     
  0.690000000000000       0.543097607155246     
  0.700000000000000       0.544083766596824     
  0.710000000000000       0.544836395154407     
  0.720000000000000       0.545252588896146     
  0.730000000000000       0.545715607043532     
  0.740000000000000       0.546006381473607     
  0.750000000000000       0.545387364174985     
  0.760000000000000       0.544894876869314     
  0.770000000000000       0.544219538514396     
  0.780000000000000       0.543794205012816     
  0.790000000000000       0.543369709013879     
  0.800000000000000       0.543270241755562     
  0.810000000000000       0.543538549728125     
  0.820000000000001       0.543122762401708     
  0.830000000000001       0.543282558836701     
  0.840000000000001       0.543499860360234     
  0.850000000000001       0.543692672293465     
  0.860000000000001       0.544186603711994     
  0.870000000000001       0.544624040273944     
  0.880000000000001       0.544823348476281     
  0.890000000000001       0.545034503433351     
  0.900000000000001       0.544686259046867     
  0.910000000000001       0.543916193243829     
  0.920000000000001       0.543431335359477     
  0.930000000000001       0.543072131679491     
  0.940000000000001       0.542539201393096     
  0.950000000000001       0.541772320139448     
  0.960000000000001       0.541256715089704     
  0.970000000000001       0.540974331898555     
  0.980000000000001       0.540924176791526     
  0.990000000000001       0.541036251555666     
   1.00000000000000       0.541652707581744     
   1.01000000000000       0.542580947086179     
   1.02000000000000       0.543647342165348     
   1.03000000000000       0.544922053180892     
   1.04000000000000       0.546434779001327     
   1.05000000000000       0.548170167703201     
   1.06000000000000       0.550410728795168     
   1.07000000000000       0.552833471244046     
   1.08000000000000       0.554908964092933     
   1.09000000000000       0.556526752896316     
   1.10000000000000       0.557421219189055     
   1.11000000000000       0.557210186430837     
   1.12000000000000       0.557180876343921     
   1.13000000000000       0.557528270172198     
   1.14000000000000       0.557994399883365     
   1.15000000000000       0.558676793644647     
   1.16000000000000       0.558700029492741     
   1.17000000000000       0.558581487132535     
   1.18000000000000       0.558638141805712     
   1.19000000000000       0.558983660892094     
   1.20000000000000       0.558947256380822     
   1.21000000000000       0.559393319218207     
   1.22000000000000       0.559236667267906     
   1.23000000000000       0.559232780384246     
   1.24000000000000       0.559207177801375     
   1.25000000000000       0.559274239821313     
   1.26000000000000       0.559532989051981     
   1.27000000000000       0.559566403835162     
   1.28000000000000       0.559282103167289     
   1.29000000000000       0.558245035663045     
   1.30000000000000       0.556498632391066     
   1.31000000000000       0.554532546060313     
   1.32000000000000       0.553025436810664     
   1.33000000000000       0.551595549604233     
   1.34000000000000       0.550279935528251     
   1.35000000000000       0.549402433835553     
   1.36000000000000       0.548522860969417     
   1.37000000000000       0.547887521262432     
   1.38000000000000       0.547808287429188     
   1.39000000000000       0.548103269721876     
   1.40000000000000       0.548374831302398     
   1.41000000000000       0.548643549978384     
   1.42000000000000       0.549200074336232     
   1.43000000000000       0.549933980629272     
   1.44000000000000       0.550964080188461     
   1.45000000000000       0.552500701854613     
   1.46000000000000       0.554193971743668     
   1.47000000000000       0.556613115422553     
   1.48000000000000       0.558910685996341     
   1.49000000000000       0.560605731534565     
   1.50000000000000       0.562357462400118     
   1.51000000000000       0.564383078718999     
   1.52000000000000       0.566294971482561     
   1.53000000000000       0.568332449273049     
   1.54000000000000       0.570688025386669     
   1.55000000000000       0.572518127280909     
   1.56000000000000       0.573764053030923     
   1.57000000000000       0.575019460467682     
   1.58000000000000       0.576356776426184     
   1.59000000000000       0.577896841016913     
   1.60000000000000       0.579772609036567     
   1.61000000000000       0.580577742727591     
   1.62000000000000       0.581240148619797     
   1.63000000000000       0.582159003220079     
   1.64000000000000       0.583299761624447     
   1.65000000000000       0.584807946165719     
   1.66000000000000       0.586476471546018     
   1.67000000000000       0.588090109426120     
   1.68000000000000       0.589257541637911     
   1.69000000000000       0.589799727479461     
   1.70000000000000       0.590411102365485     
   1.71000000000000       0.591212500058587     
   1.72000000000000       0.591500941428626     
   1.73000000000000       0.591832671943974     
   1.74000000000000       0.591957618327396     
   1.75000000000000       0.592122795317106     
   1.76000000000000       0.592218580738571     
   1.77000000000000       0.592101364417898     
   1.78000000000000       0.591767982008482     
   1.79000000000000       0.591845986051015     
   1.80000000000000       0.592081772461581     
   1.81000000000000       0.592261352879569     
   1.82000000000000       0.592260717224344     
   1.83000000000000       0.592299273182487     
   1.84000000000000       0.592576620542108     
   1.85000000000000       0.592790768188301     
   1.86000000000000       0.592963020722332     
   1.87000000000000       0.593145815025353     
   1.88000000000000       0.593420711740900     
   1.89000000000000       0.594093553035925     
   1.90000000000000       0.595038738634296     
   1.91000000000000       0.595874058491490     
   1.92000000000000       0.596443246872749     
   1.93000000000000       0.596511970495085     
   1.94000000000000       0.597036044100756     
   1.95000000000000       0.597621692448038     
   1.96000000000000       0.598269415068692     
   1.97000000000000       0.599092852091955     
   1.98000000000000       0.599690821778454     
   1.99000000000000       0.600311328800437     
   2.00000000000000       0.601164272184832     
   2.01000000000000       0.602412534565157     
   2.02000000000000       0.603641852009063     
   2.03000000000000       0.604882321876286     
   2.04000000000000       0.606140231436578     
   2.05000000000000       0.607782274783130     
   2.06000000000000       0.608823570321190     
   2.07000000000000       0.609723292943134     
   2.08000000000000       0.610551046103706     
   2.09000000000000       0.611118072363592     
   2.10000000000000       0.611478403032932     
   2.11000000000000       0.611501375577966     
   2.12000000000000       0.611472196203789     
   2.13000000000000       0.611885742984956     
   2.14000000000000       0.611959627010183     
   2.15000000000000       0.612073587382487     
   2.16000000000000       0.612350170996673     
   2.17000000000000       0.612659882409992     
   2.18000000000000       0.613036697173234     
   2.19000000000000       0.613388348223372     
   2.20000000000000       0.613582886337157     
   2.21000000000000       0.613738181444192     
   2.22000000000000       0.614094343716894     
   2.23000000000000       0.614539303507420     
   2.24000000000000       0.614902293508937     
   2.25000000000000       0.614750896897405     
   2.26000000000000       0.614408673330888     
   2.27000000000000       0.614349094076089     
   2.28000000000000       0.614757154472193     
   2.29000000000000       0.614605745075421     
   2.29999999999999       0.614164651207079     
   2.30999999999999       0.613595548706612     
   2.31999999999999       0.613194883780487     
   2.32999999999999       0.612830448418372     
   2.33999999999999       0.612257525842997     
   2.34999999999999       0.611753065040460     
   2.35999999999999       0.611106660244466     
   2.36999999999999       0.610633384776174     
   2.37999999999999       0.610263601378252     
   2.38999999999999       0.609347048423583     
   2.39999999999999       0.608608522582153     
   2.40999999999999       0.607849657136826     
   2.41999999999999       0.606813074680400     
   2.42999999999999       0.605187173814707     
   2.43999999999999       0.603883750689678     
   2.44999999999999       0.602589802189418     
   2.45999999999999       0.601348417031011     
   2.46999999999999       0.600436048497891     
   2.47999999999999       0.599960338960579     
   2.48999999999999       0.599680646336720     
   2.49999999999999       0.599231523709677     
   2.50999999999999       0.598866772846424     
   2.51999999999999       0.598539554462143     
   2.52999999999999       0.598113882360061     
   2.53999999999999       0.597888195008495     
   2.54999999999999       0.597625435876872     
   2.55999999999999       0.597212636653826     
   2.56999999999999       0.596969987012882     
   2.57999999999999       0.596898605332728     
   2.58999999999999       0.596619318410019     
   2.59999999999999       0.596524976399836     
   2.60999999999999       0.596717592133311     
   2.61999999999999       0.596941995682097     
   2.62999999999999       0.597295639891728     
   2.63999999999999       0.597785206785735     
   2.64999999999999       0.598617310169779     
   2.65999999999999       0.599597913512553     
   2.66999999999999       0.600664652187117     
   2.67999999999999       0.601827120357938     
   2.68999999999999       0.603058733191216     
   2.69999999999999       0.603923345657376     
   2.70999999999999       0.605253778381218     
   2.71999999999999       0.606672199781064     
   2.72999999999999       0.608355260888022     
   2.73999999999999       0.610098876958620     
   2.74999999999999       0.611898582941889     
   2.75999999999999       0.612773933130148     
   2.76999999999998       0.613335417067408     
   2.77999999999998       0.613809064497714     
   2.78999999999998       0.614390098310794     
   2.79999999999998       0.615297192883592     
   2.80999999999998       0.615395409944818     
   2.81999999999998       0.615329437757586     
   2.82999999999998       0.614992302121062     
   2.83999999999998       0.614867849743696     
   2.84999999999998       0.614730165402994     
   2.85999999999998       0.614791104908058     
   2.86999999999998       0.614992269726561     
   2.87999999999998       0.615480676435446     
   2.88999999999998       0.616031577796095     
   2.89999999999998       0.616169559849991     
   2.90999999999998       0.616074794091035     
   2.91999999999998       0.615957479479415     
   2.92999999999998       0.615576205080847     
   2.93999999999998       0.615397454366980     
   2.94999999999998       0.615273127157667     
   2.95999999999998       0.614898019973002     
   2.96999999999998       0.614059351405939     
   2.97999999999998       0.613270659021305     
   2.98999999999998       0.612845365015876     
   2.99999999999998       0.612815280811954     
   3.00999999999998       0.613203934700940     
   3.01999999999998       0.613938339895224     
   3.02999999999998       0.615267379690705     
   3.03999999999998       0.616786183298027     
   3.04999999999998       0.618717291710979     
   3.05999999999998       0.620373071979771     
   3.06999999999998       0.622424858029557     
   3.07999999999998       0.624306507701585     
   3.08999999999998       0.626018806345453     
   3.09999999999998       0.627940716608792     
   3.10999999999998       0.629234494233949     
   3.11999999999998       0.629700169335578     
   3.12999999999998       0.629892647781747     
   3.13999999999998       0.629754122246459     
   3.14999999999998       0.629761019695901     
   3.15999999999998       0.629669359945705     
   3.16999999999998       0.629538709660275     
   3.17999999999998       0.629294085759228     
   3.18999999999998       0.629210503593805     
   3.19999999999998       0.629189738973489     
   3.20999999999998       0.629048411675316     
   3.21999999999998       0.628625222969815     
   3.22999999999998       0.628556719388398     
   3.23999999999997       0.628633671017486     
   3.24999999999997       0.628841157605267     
   3.25999999999997       0.629489441922339     
   3.26999999999997       0.630614521720847     
   3.27999999999997       0.631432201476285     
   3.28999999999997       0.632381082446492     
   3.29999999999997       0.633008367650605     
   3.30999999999997       0.632539245755744     
   3.31999999999997       0.631657892574537     
   3.32999999999997       0.630764787460160     
   3.33999999999997       0.630074982463439     
   3.34999999999997       0.629046730773184     
   3.35999999999997       0.627773142045198     
   3.36999999999997       0.626682184241824     
   3.37999999999997       0.625863115925955     
   3.38999999999997       0.625034293670812     
   3.39999999999997       0.623911420660569     
   3.40999999999997       0.622293988865702     
   3.41999999999997       0.620500565591515     
   3.42999999999997       0.618893531124897     
   3.43999999999997       0.617505889285384     
   3.44999999999997       0.616211697501433     
   3.45999999999997       0.615189932017069     
   3.46999999999997       0.613755017262019     
   3.47999999999997       0.612236506079352     
   3.48999999999997       0.611164821338621     
   3.49999999999997       0.610335845117671     
   3.50999999999997       0.609639079860427     
   3.51999999999997       0.608994498376638     
   3.52999999999997       0.607831861086940     
   3.53999999999997       0.606726804363414     
   3.54999999999997       0.605571626467654     
   3.55999999999997       0.604652731840086     
   3.56999999999997       0.603975268132365     
   3.57999999999997       0.603369545754881     
   3.58999999999997       0.602971748177354     
   3.59999999999997       0.602560533750789     
   3.60999999999997       0.601861550436188     
   3.61999999999997       0.601380345827968     
   3.62999999999997       0.601291355174551     
   3.63999999999997       0.601233339242588     
   3.64999999999997       0.601104824076498     
   3.65999999999997       0.600850530101358     
   3.66999999999997       0.601175016070189     
   3.67999999999997       0.601706953603910     
   3.68999999999997       0.602347967326317     
   3.69999999999997       0.602987740907725     
   3.70999999999996       0.604116129429316     
   3.71999999999996       0.605406855907211     
   3.72999999999996       0.606033237751937     
   3.73999999999996       0.606519372290788     
   3.74999999999996       0.606831953575533     
   3.75999999999996       0.607243999984522     
   3.76999999999996       0.607510014587350     
   3.77999999999996       0.607412003999992     
   3.78999999999996       0.607115705070062     
   3.79999999999996       0.607080035355164     
   3.80999999999996       0.607237105412047     
   3.81999999999996       0.606995861898961     
   3.82999999999996       0.606959258165227     
   3.83999999999996       0.606270809058134     
   3.84999999999996       0.605099887138321     
   3.85999999999996       0.604130750375905     
   3.86999999999996       0.603166132257414     
   3.87999999999996       0.602227821275500     
   3.88999999999996       0.601655670339237     
   3.89999999999996       0.601224585527893     
   3.90999999999996       0.600364708689845     
   3.91999999999996       0.599641779842170     
   3.92999999999996       0.598601556200897     
   3.93999999999996       0.597769784200773     
   3.94999999999996       0.596527251162047     
   3.95999999999996       0.595368810568455     
   3.96999999999996       0.594309999159692     
   3.97999999999996       0.593461026153147     
   3.98999999999996       0.592759827616008     
   3.99999999999996       0.591699454992038     
   4.00999999999996       0.590485765921800     
   4.01999999999996       0.589638732658898     
   4.02999999999996       0.589108369666354     
   4.03999999999996       0.588730298130342     
   4.04999999999996       0.588340861780049     
   4.05999999999996       0.588064476247515     
   4.06999999999996       0.587889099419791     
   4.07999999999996       0.587677159293138     
   4.08999999999996       0.587137530372154     
   4.09999999999996       0.586550483990406     
   4.10999999999996       0.586085331214644     
   4.11999999999996       0.585861413283407     
   4.12999999999996       0.585124468902506     
   4.13999999999996       0.584520169783707     
   4.14999999999996       0.584079776794250     
   4.15999999999996       0.583845095070194     
   4.16999999999996       0.583910999994898     
   4.17999999999996       0.584152846968204     
   4.18999999999996       0.584211464466526     
   4.19999999999995       0.584769625137686     
   4.20999999999995       0.585020335738794     
   4.21999999999995       0.585175860112593     
   4.22999999999995       0.585581767965129     
   4.23999999999995       0.586065345198676     
   4.24999999999995       0.586510497778842     
   4.25999999999995       0.586842365754924     
   4.26999999999995       0.587387532638983     
   4.27999999999995       0.587332664380888     
   4.28999999999995       0.587256827897521     
   4.29999999999995       0.586836923810815     
   4.30999999999995       0.586063086277480     
   4.31999999999995       0.585105148744228     
   4.32999999999995       0.584232048593008     
   4.33999999999995       0.582660997131512     
   4.34999999999995       0.581146424789968     
   4.35999999999995       0.579755099612115     
   4.36999999999995       0.578470518045228     
   4.37999999999995       0.577384936587758     
   4.38999999999995       0.576305860310267     
   4.39999999999995       0.575713759769280     
   4.40999999999995       0.575696931717737     
   4.41999999999995       0.575730791976146     
   4.42999999999995       0.576030026936459     
   4.43999999999995       0.576727580604947     
   4.44999999999995       0.577039338691050     
   4.45999999999995       0.576906447160255     
   4.46999999999995       0.576351705534499     
   4.47999999999995       0.576067139416019     
   4.48999999999995       0.575908498905919     
   4.49999999999995       0.576139535284428     
   4.50999999999995       0.575759093857878     
   4.51999999999995       0.575047017628457     
   4.52999999999995       0.574274878687314     
   4.53999999999995       0.573386608888738     
   4.54999999999995       0.572518654690393     
   4.55999999999995       0.571913441000112     
   4.56999999999995       0.571776719031757     
   4.57999999999995       0.571446299875380     
   4.58999999999995       0.571230076802224     
   4.59999999999995       0.571311506581318     
   4.60999999999995       0.571245125033296     
   4.61999999999995       0.570677130271470     
   4.62999999999995       0.569893056481315     
   4.63999999999995       0.568742241215836     
   4.64999999999995       0.567708735418013     
   4.65999999999995       0.566767035711155     
   4.66999999999994       0.566001417500019     
   4.67999999999994       0.565047430054745     
   4.68999999999994       0.564085285741800     
   4.69999999999994       0.563284818084631     
   4.70999999999994       0.562585726736565     
   4.71999999999994       0.561653091198814     
   4.72999999999994       0.561145236675129     
   4.73999999999994       0.560750253779929     
   4.74999999999994       0.560140241313209     
   4.75999999999994       0.559753792497687     
   4.76999999999994       0.559479475194957     
   4.77999999999994       0.559625214799022     
   4.78999999999994       0.559977019307339     
   4.79999999999994       0.559817923551053     
   4.80999999999994       0.559408051727220     
   4.81999999999994       0.559349694268930     
   4.82999999999994       0.558896311159689     
   4.83999999999994       0.558007495967125     
   4.84999999999994       0.556690695550869     
   4.85999999999994       0.555253384656413     
   4.86999999999994       0.554213351401409     
   4.87999999999994       0.553352334424307     
   4.88999999999994       0.552801422960351     
   4.89999999999994       0.552245019755312     
   4.90999999999994       0.551591237425202     
   4.91999999999994       0.551359731301255     
   4.92999999999994       0.551318149346604     
   4.93999999999994       0.551390640466467     
   4.94999999999994       0.551627296172231     
   4.95999999999994       0.551844961891123     
   4.96999999999994       0.552175534822557     
   4.97999999999994       0.552459789080155     
   4.98999999999994       0.553009845328547     
   4.99999999999994       0.553978753711742     
   5.00999999999994       0.555156878529539     
