  0.000000000000000E+000  0.305928860773538       0.322133338111617     
  1.000000000000000E-002  0.317201753278413       0.311408789514153     
  2.000000000000000E-002  0.326863598703991       0.303083745096014     
  3.000000000000000E-002  0.335248525044717       0.295681146057356     
  4.000000000000000E-002  0.344757674172352       0.289140393022059     
  5.000000000000000E-002  0.354808757658535       0.281146729072994     
  6.000000000000000E-002  0.365098671173921       0.271675285461226     
  7.000000000000001E-002  0.374146023404358       0.260189351345342     
  8.000000000000000E-002  0.382508674722909       0.250807423029713     
  9.000000000000000E-002  0.391498611640476       0.241537830494063     
  0.100000000000000       0.399626833535511       0.233673307223844     
  0.110000000000000       0.407391584380027       0.227808246460624     
  0.120000000000000       0.414344102905956       0.222280280077085     
  0.130000000000000       0.421707847547290       0.217977947443648     
  0.140000000000000       0.428493943743855       0.214891725121470     
  0.150000000000000       0.437118005890415       0.210860594504735     
  0.160000000000000       0.443927662349530       0.204734149482360     
  0.170000000000000       0.452257806835926       0.197457284889383     
  0.180000000000000       0.458544989074276       0.191834037252965     
  0.190000000000000       0.463401303824604       0.184731249198396     
  0.200000000000000       0.466771813364669       0.178395314979350     
  0.210000000000000       0.468467890523932       0.171032364445186     
  0.220000000000000       0.472168217305676       0.164216462107942     
  0.230000000000000       0.477803582233723       0.157240503184277     
  0.240000000000000       0.485274999476743       0.151430380167567     
  0.250000000000000       0.493016356822484       0.146823859143899     
  0.260000000000000       0.498562397382261       0.143109824686522     
  0.270000000000000       0.490756134614706       0.139790871929651     
  0.280000000000000       0.480868068242207       0.137113937334586     
  0.290000000000000       0.471788726874371       0.134111560599271     
  0.300000000000000       0.464829419582175       0.133520367612136     
  0.310000000000000       0.459386042987356       0.135254179248173     
  0.320000000000000       0.455007076484281       0.138664302229999     
  0.330000000000000       0.449990360520541       0.139887319044525     
  0.340000000000000       0.444463420814008       0.141436389576373     
  0.350000000000000       0.440636898293301       0.140943956017142     
  0.360000000000000       0.438169477099422       0.139553927020965     
  0.370000000000000       0.433784846880814       0.135783400081342     
  0.380000000000000       0.428409505789517       0.130029944727724     
  0.390000000000000       0.425271814869824       0.122732566185993     
  0.400000000000000       0.423397107378883       0.117483037626041     
  0.410000000000000       0.421792515523093       0.111450620507132     
  0.420000000000000       0.419579019930386       0.104791101596970     
  0.430000000000000       0.415765118153877       9.973987633620848E-002
  0.440000000000000       0.413798650707705       9.252540173324070E-002
  0.450000000000000       0.412462299818162       8.686886476458978E-002
  0.460000000000000       0.411996564074935       8.292978068724387E-002
  0.470000000000000       0.409767412300065       7.771315360143033E-002
  0.480000000000000       0.408332439839029       7.304407752044520E-002
  0.490000000000000       0.407992677098668       6.907630478877516E-002
  0.500000000000000       0.408287700128917       6.492003636890897E-002
  0.510000000000000       0.408810585775037       6.263867548823121E-002
  0.520000000000000       0.411139804241229       5.974029661795558E-002
  0.530000000000000       0.413889662089290       5.515562459896850E-002
  0.540000000000000       0.414596006687692       4.986444869028071E-002
  0.550000000000000       0.413415870053865       4.365132061593423E-002
  0.560000000000000       0.410998255040815       3.835952108695267E-002
  0.570000000000000       0.409203650682893       3.425339251047405E-002
  0.580000000000000       0.406182967736341       3.263661006671112E-002
  0.590000000000000       0.402302126085428       3.011440108588850E-002
  0.600000000000000       0.398365832446176       2.738564842316937E-002
  0.610000000000000       0.396537992184267       2.628943999910630E-002
  0.620000000000000       0.396278962199945       2.559839130422439E-002
  0.630000000000000       0.394190001566774       2.312838067627676E-002
  0.640000000000000       0.391226384084061       2.048104184486686E-002
  0.650000000000000       0.387518227304551       2.012414307699905E-002
  0.660000000000000       0.385364077997936       2.133888356360806E-002
  0.670000000000000       0.385558537961772       2.082104656257508E-002
  0.680000000000000       0.387531693155562       1.950558883709688E-002
  0.690000000000000       0.387046963838463       2.017902198380422E-002
  0.700000000000000       0.384423892590823       2.225897732940667E-002
  0.710000000000000       0.382436809926770       2.427593466257194E-002
  0.720000000000000       0.382011863106428       2.862635293677734E-002
  0.730000000000000       0.379647808521466       3.070893317912018E-002
  0.740000000000000       0.375588875433672       3.503767421714935E-002
  0.750000000000000       0.373805768832824       4.114903995684711E-002
  0.760000000000000       0.373947708172745       4.809257435757604E-002
  0.770000000000000       0.372047085006397       5.560420697337536E-002
  0.780000000000000       0.368180647616848       6.195401951189955E-002
  0.790000000000000       0.362751174062211       6.664481173883362E-002
  0.800000000000000       0.356643421717271       7.349561427391971E-002
  0.810000000000000       0.348275589643800       8.018773005269340E-002
  0.820000000000001       0.341334967161649       8.802568927963532E-002
  0.830000000000001       0.334992726266650       9.602488305493856E-002
  0.840000000000001       0.327169609702279       0.105347468264542     
  0.850000000000001       0.317733676841065       0.115091323283252     
  0.860000000000001       0.310026923355765       0.125714688549867     
  0.870000000000001       0.303905681938311       0.135426151712261     
  0.880000000000001       0.298480955975669       0.143671468768937     
  0.890000000000001       0.294934596189361       0.153074452092043     
  0.900000000000001       0.289964203229029       0.163358567882462     
  0.910000000000001       0.284218092887461       0.175518085441280     
  0.920000000000001       0.278932706255053       0.185532136706444     
  0.930000000000001       0.273000712568330       0.197505782611607     
  0.940000000000001       0.267042575448961       0.208813605516090     
  0.950000000000001       0.260645700235500       0.218336666675958     
  0.960000000000001       0.255187365725879       0.229958799745648     
  0.970000000000001       0.247653728848096       0.241205058580602     
  0.980000000000001       0.242577538663055       0.252701356055833     
  0.990000000000001       0.238228165312121       0.265946869999847     
   1.00000000000000       0.236301042223493       0.281399073955567     
   1.01000000000000       0.236722673366492       0.295514712028312     
   1.02000000000000       0.236317167940898       0.311356044625773     
   1.03000000000000       0.235071597001758       0.329212809652207     
   1.04000000000000       0.232451463267911       0.345262622174658     
   1.05000000000000       0.228552089917533       0.363012486321761     
   1.06000000000000       0.225323841741655       0.381985504207925     
   1.07000000000000       0.224221978316464       0.400134398481176     
   1.08000000000000       0.221728155105417       0.416280277329304     
   1.09000000000000       0.219844553263843       0.432220658501033     
   1.10000000000000       0.220025803833305       0.447038798695629     
   1.11000000000000       0.219823630217997       0.460283846918537     
   1.12000000000000       0.222006180785715       0.474843700168967     
   1.13000000000000       0.224911472075929       0.491633011646127     
   1.14000000000000       0.229260462728635       0.494039864727700     
   1.15000000000000       0.235430658523064       0.479332703457956     
   1.16000000000000       0.243591630241894       0.463164115452117     
   1.17000000000000       0.252858794636751       0.447569320709734     
   1.18000000000000       0.262332238056982       0.430493774933060     
   1.19000000000000       0.272113374390884       0.414987091120990     
   1.20000000000000       0.283691700273974       0.400038418719325     
   1.21000000000000       0.295968962716533       0.384306284040885     
   1.22000000000000       0.310030891733076       0.367549285256276     
   1.23000000000000       0.324953079632036       0.350618557697322     
   1.24000000000000       0.340031488701668       0.334086699212024     
   1.25000000000000       0.352736268338766       0.316020838537494     
   1.26000000000000       0.363198857952336       0.298228880422635     
   1.27000000000000       0.371370777816508       0.282879015919751     
   1.28000000000000       0.379374648715382       0.267582856033155     
   1.29000000000000       0.386289336712009       0.252725700012579     
   1.30000000000000       0.392519023071042       0.238244267941864     
   1.31000000000000       0.396697897027777       0.221947327237766     
   1.32000000000000       0.400592593485878       0.204287146233033     
   1.33000000000000       0.404686775582070       0.185032808399399     
   1.34000000000000       0.406469915733717       0.165469079704631     
   1.35000000000000       0.406193623988714       0.145674163812426     
   1.36000000000000       0.407081523078796       0.123897154249072     
   1.37000000000000       0.407571287291804       0.100661217129314     
   1.38000000000000       0.407600439951572       7.937730214173437E-002
   1.39000000000000       0.409552002346455       6.068188275769408E-002
   1.40000000000000       0.410032427485076       4.036497510591032E-002
   1.41000000000000       0.412905971529993       2.008245529756928E-002
   1.42000000000000       0.417183075942080      -2.736015397571054E-004
   1.43000000000000       0.422600074702411      -2.037924151038288E-002
   1.44000000000000       0.430259825815939      -3.928452753805233E-002
   1.45000000000000       0.439820289555831      -5.714754614317559E-002
   1.46000000000000       0.450257970326039      -7.553757825903951E-002
   1.47000000000000       0.459464897351176      -9.532925077857583E-002
   1.48000000000000       0.471021383526896      -0.112979719685187     
   1.49000000000000       0.482382922829290      -0.131173429582449     
   1.50000000000000       0.495417634799208      -0.147091333444176     
   1.51000000000000       0.491211962320653      -0.162015106597012     
   1.52000000000000       0.477336669272491      -0.179023163562592     
   1.53000000000000       0.461252163596770      -0.194058031012808     
   1.54000000000000       0.444062541920869      -0.208811535502822     
   1.55000000000000       0.427441669700093      -0.221937320552385     
   1.56000000000000       0.410073674422836      -0.236661928459681     
   1.57000000000000       0.390838923579191      -0.248974086783694     
   1.58000000000000       0.372253682589670      -0.263214488952408     
   1.59000000000000       0.355207530254944      -0.276235979143681     
   1.60000000000000       0.337264987335081      -0.287807506079723     
   1.61000000000000       0.320691658199880      -0.301518919088359     
   1.62000000000000       0.306410975425628      -0.315202150837510     
   1.63000000000000       0.294286811484565      -0.329256309411316     
   1.64000000000000       0.279857429040289      -0.343805823419882     
   1.65000000000000       0.266350663800219      -0.357618734957795     
   1.66000000000000       0.252338227818080      -0.371506171148045     
   1.67000000000000       0.240164013422390      -0.387568669150340     
   1.68000000000000       0.229096072474468      -0.403840860516831     
   1.69000000000000       0.219181220519946      -0.422350991377848     
   1.70000000000000       0.211018750437204      -0.438546396989895     
   1.71000000000000       0.203210495365503      -0.453907966387495     
   1.72000000000000       0.195990487051548      -0.469001754278782     
   1.73000000000000       0.188752067598393      -0.481895118967916     
   1.74000000000000       0.182401568061687      -0.493071778648262     
   1.75000000000000       0.177834243230062      -0.493965320988064     
   1.76000000000000       0.172431593535277      -0.481386140647859     
   1.77000000000000       0.167733108121630      -0.467474495154329     
   1.78000000000000       0.165303375524004      -0.455683031224852     
   1.79000000000000       0.165236671141712      -0.446071280493960     
   1.80000000000000       0.165758129459863      -0.438953909088720     
   1.81000000000000       0.166402094191361      -0.431636498583675     
   1.82000000000000       0.166724598954513      -0.423052270391841     
   1.83000000000000       0.167954429356055      -0.413203116390298     
   1.84000000000000       0.168939060380602      -0.403292104110376     
   1.85000000000000       0.169129181134748      -0.392563536025654     
   1.86000000000000       0.171434582820400      -0.383007557750398     
   1.87000000000000       0.172290173648194      -0.373892129061528     
   1.88000000000000       0.172278279744125      -0.365407475997549     
   1.89000000000000       0.170306042654143      -0.354830060849028     
   1.90000000000000       0.168296677920404      -0.343154511813266     
   1.91000000000000       0.165488049769336      -0.331447241118462     
   1.92000000000000       0.162395122097845      -0.319437947992417     
   1.93000000000000       0.157543438045642      -0.309228099676618     
   1.94000000000000       0.150845435103284      -0.297329041709689     
   1.95000000000000       0.145747491551718      -0.287275692370495     
   1.96000000000000       0.140769926564633      -0.277114518997543     
   1.97000000000000       0.135406871897601      -0.269076383820145     
   1.98000000000000       0.132077315432013      -0.263236847677397     
   1.99000000000000       0.129821929548975      -0.255457846996330     
   2.00000000000000       0.129010880263224      -0.247871544948574     
   2.01000000000000       0.129403903882951      -0.241955960908153     
   2.02000000000000       0.130332096721728      -0.236634306772812     
   2.03000000000000       0.131388445549947      -0.233370569356414     
   2.04000000000000       0.131964221975720      -0.229832070259842     
   2.05000000000000       0.134354158912078      -0.226251680437095     
   2.06000000000000       0.136693826806696      -0.220456500967452     
   2.07000000000000       0.137055317173917      -0.216114431355342     
   2.08000000000000       0.136564119801106      -0.211696053755020     
   2.09000000000000       0.136340920272538      -0.205459070989015     
   2.10000000000000       0.137846320140894      -0.198503888448235     
   2.11000000000000       0.138796909644479      -0.191531187134464     
   2.12000000000000       0.141847421688809      -0.182832574751004     
   2.13000000000000       0.142863842477273      -0.175682634221615     
   2.14000000000000       0.142353109368576      -0.169380129254177     
   2.15000000000000       0.142009661462433      -0.162400075698722     
   2.16000000000000       0.140135660871878      -0.156595042882277     
   2.17000000000000       0.139727965640700      -0.152435498812084     
   2.18000000000000       0.138397738325490      -0.148036106270795     
   2.19000000000000       0.138608911080237      -0.142623670596356     
   2.20000000000000       0.139929494714310      -0.136743017958674     
   2.21000000000000       0.142077435312195      -0.130023278669971     
   2.22000000000000       0.144848903652173      -0.122156579460366     
   2.23000000000000       0.148355820828175      -0.112330613087627     
   2.24000000000000       0.151098960367482      -0.104792663381062     
   2.25000000000000       0.153480043549438      -9.938916537029946E-002
   2.26000000000000       0.156075060424761      -9.618916037742524E-002
   2.27000000000000       0.156495749046770      -9.476400446835059E-002
   2.28000000000000       0.156159578911069      -9.205745297812187E-002
   2.29000000000000       0.155111118632319      -8.767323090894705E-002
   2.29999999999999       0.152264979728475      -8.288428701541217E-002
   2.30999999999999       0.147878362609179      -7.596389247904443E-002
   2.31999999999999       0.143085911689682      -7.018511741602423E-002
   2.32999999999999       0.139020753801785      -6.515857346590827E-002
   2.33999999999999       0.133339467802022      -6.237008649493935E-002
   2.34999999999999       0.127526369132223      -6.090214128574069E-002
   2.35999999999999       0.121043590627817      -5.743468150097965E-002
   2.36999999999999       0.115287368712076      -5.167828951937524E-002
   2.37999999999999       0.108230987333300      -4.572534400929751E-002
   2.38999999999999       0.100664348306584      -4.154159623930998E-002
   2.39999999999999       9.117671341407696E-002 -3.764079515129169E-002
   2.40999999999999       8.112296947416654E-002 -3.450795059890552E-002
   2.41999999999999       7.031598858662828E-002 -3.003941063852945E-002
   2.42999999999999       6.129422886258552E-002 -2.802193810971034E-002
   2.43999999999999       5.057647643530097E-002 -2.521789595521435E-002
   2.44999999999999       4.015875750891771E-002 -2.249309339249672E-002
   2.45999999999999       2.931552607233884E-002 -1.942748174686267E-002
   2.46999999999999       1.906025014308456E-002 -1.608199698920159E-002
   2.47999999999999       8.302518582062986E-003 -1.275994088783620E-002
   2.48999999999999      -1.178862528073433E-003 -8.674183960150777E-003
   2.49999999999999      -9.075643851024672E-003 -5.566515539566158E-003
   2.50999999999999      -1.884523042949110E-002 -2.138911662500870E-003
   2.51999999999999      -3.075171853795099E-002  3.143440654885566E-003
   2.52999999999999      -4.190047722340830E-002  9.141330292864883E-003
   2.53999999999999      -5.388916990869381E-002  1.363987342796386E-002
   2.54999999999999      -6.740619935417358E-002  1.736028951608206E-002
   2.55999999999999      -7.959135056599034E-002  2.227928163562238E-002
   2.56999999999999      -9.306939203656184E-002  2.816198320643826E-002
   2.57999999999999      -0.108681651894181       3.595571492812669E-002
   2.58999999999999      -0.124510974614338       4.310689394451811E-002
   2.59999999999999      -0.140572492396796       4.953963970355726E-002
   2.60999999999999      -0.156983898583155       5.690485113199301E-002
   2.61999999999999      -0.172720065248472       6.285161629680967E-002
   2.62999999999999      -0.188016080099159       6.718052796557676E-002
   2.63999999999999      -0.205552417500634       6.959440000438316E-002
   2.64999999999999      -0.220981078700752       7.015452964233788E-002
   2.65999999999999      -0.238235741478909       7.295252940772522E-002
   2.66999999999999      -0.255203099798975       7.416138201938868E-002
   2.67999999999999      -0.271986708003851       7.372200829392540E-002
   2.68999999999999      -0.289025321713678       7.096466840266880E-002
   2.69999999999999      -0.308220512038904       6.718439971382043E-002
   2.70999999999999      -0.324922846383857       6.191524685475921E-002
   2.71999999999999      -0.340123547072998       5.654336642333897E-002
   2.72999999999999      -0.357318654189137       4.953696534306072E-002
   2.73999999999999      -0.372269232231452       4.041397557117569E-002
   2.74999999999999      -0.389207363635848       3.042626996680791E-002
   2.75999999999999      -0.404619142094343       1.970951897012067E-002
   2.76999999999998      -0.417673092963938       9.881009288784182E-003
   2.77999999999998      -0.432298549915058      -1.225663055727974E-003
   2.78999999999998      -0.448811673980190      -1.028648488794300E-002
   2.79999999999998      -0.465252888154822      -1.726007009062901E-002
   2.80999999999998      -0.481299071673389      -2.352119970184765E-002
   2.81999999999998      -0.499622017537383      -3.172078859897794E-002
   2.82999999999998      -0.484128210171382      -3.815393415051666E-002
   2.83999999999998      -0.467689817659575      -4.489839084013488E-002
   2.84999999999998      -0.453353001813897      -5.065007360906210E-002
   2.85999999999998      -0.438013261358718      -5.622914118184909E-002
   2.86999999999998      -0.420957383236375      -5.977208117244967E-002
   2.87999999999998      -0.404081613555334      -6.276237901473106E-002
   2.88999999999998      -0.388339605666971      -6.809679888545660E-002
   2.89999999999998      -0.372248221089877      -7.575283286642889E-002
   2.90999999999998      -0.358203451983278      -8.249487037299899E-002
   2.91999999999998      -0.342609361261641      -8.709565302432130E-002
   2.92999999999998      -0.328445414582953      -9.226729822145574E-002
   2.93999999999998      -0.313435106662118      -9.893238451159804E-002
   2.94999999999998      -0.298181605736114      -0.106474142219707     
   2.95999999999998      -0.281316256641356      -0.113628208511014     
   2.96999999999998      -0.265882239527259      -0.119345173021724     
   2.97999999999998      -0.250949616608987      -0.124607573350358     
   2.98999999999998      -0.235324224184823      -0.128992424327884     
   2.99999999999998      -0.218828193627201      -0.134515020385743     
   3.00999999999998      -0.201724927683551      -0.140968047071073     
   3.01999999999998      -0.182734946217257      -0.147813367076483     
   3.02999999999998      -0.163946486862343      -0.152821718607135     
   3.03999999999998      -0.144637903827198      -0.155948058960142     
   3.04999999999998      -0.123096707801847      -0.157060393685056     
   3.05999999999998      -0.103824843693507      -0.156833001935248     
   3.06999999999998      -8.398581217542231E-002 -0.158200021026204     
   3.07999999999998      -6.678535271534808E-002 -0.158114469826268     
   3.08999999999998      -5.060691027776829E-002 -0.157336337514352     
   3.09999999999998      -3.301788964904014E-002 -0.154774291548004     
   3.10999999999998      -1.337174718009194E-002 -0.152672820138129     
   3.11999999999998       5.634889340227735E-003 -0.148416998506229     
   3.12999999999998       2.416198475218641E-002 -0.142783613916252     
   3.13999999999998       4.272422290429611E-002 -0.137138516995433     
   3.14999999999998       5.998317038294969E-002 -0.131251596981784     
   3.15999999999998       7.665327640083310E-002 -0.126654679427957     
   3.16999999999998       9.405471000886977E-002 -0.123545880298621     
   3.17999999999998       0.110526854513285      -0.120447740317933     
   3.18999999999998       0.125798322687134      -0.116477889379959     
   3.19999999999998       0.142120629421922      -0.112757979065903     
   3.20999999999998       0.156084668016124      -0.107090244321897     
   3.21999999999998       0.167693649742773      -0.101382618945468     
   3.22999999999998       0.176898306209490      -9.483068845634292E-002
   3.23999999999997       0.184260232120300      -8.908219776417212E-002
   3.24999999999997       0.191278147343644      -8.265728338596952E-002
   3.25999999999997       0.197858054888982      -7.601336977495868E-002
   3.26999999999997       0.204520854839975      -7.021677602828170E-002
   3.27999999999997       0.209734605978869      -6.435287576149586E-002
   3.28999999999997       0.216463825649395      -5.853915984915083E-002
   3.29999999999997       0.223730333583145      -5.476634257665073E-002
   3.30999999999997       0.232489167993271      -5.347963937703041E-002
   3.31999999999997       0.239345907495256      -5.395796123786253E-002
   3.32999999999997       0.245736599378650      -5.204747957140966E-002
   3.33999999999997       0.251557114274099      -4.882711613400130E-002
   3.34999999999997       0.258394015448968      -4.745007426264000E-002
   3.35999999999997       0.263567719685597      -4.371376047407224E-002
   3.36999999999997       0.267672066098307      -3.929024667051463E-002
   3.37999999999997       0.270620909849471      -3.355834796175645E-002
   3.38999999999997       0.273636501310153      -2.673105232818736E-002
   3.39999999999997       0.274528980489615      -2.110238422054724E-002
   3.40999999999997       0.275789594494715      -1.351745558885286E-002
   3.41999999999997       0.276444279672047      -5.491747054102632E-003
   3.42999999999997       0.275158113281286       4.877814157248554E-003
   3.43999999999997       0.273602945006184       1.661332595702025E-002
   3.44999999999997       0.269828565665111       2.618600060060646E-002
   3.45999999999997       0.264920215890692       3.343460540720092E-002
   3.46999999999997       0.262333336824573       4.220938710887034E-002
   3.47999999999997       0.257629033952153       4.917135548026886E-002
   3.48999999999997       0.250703454891040       5.690746016904823E-002
   3.49999999999997       0.246190136279997       6.322488482007940E-002
   3.50999999999997       0.240686219996627       6.944914163472937E-002
   3.51999999999997       0.236584061772206       7.377847266842820E-002
   3.52999999999997       0.234032098728001       7.786093635150995E-002
   3.53999999999997       0.229642938850626       8.353859068886174E-002
   3.54999999999997       0.227136355216368       8.947967776509731E-002
   3.55999999999997       0.225292731358117       9.627124165933605E-002
   3.56999999999997       0.222120951251800       0.100552666266087     
   3.57999999999997       0.218158882203776       0.104768129515220     
   3.58999999999997       0.212001296942645       0.110186846235060     
   3.59999999999997       0.203999358045077       0.114728207499982     
   3.60999999999997       0.196001805713527       0.118856943907185     
   3.61999999999997       0.186432534150080       0.124113073057878     
   3.62999999999997       0.177518381751935       0.129732568714734     
   3.63999999999997       0.168066803912500       0.137098070371561     
   3.64999999999997       0.160598648138202       0.146286671304768     
   3.65999999999997       0.152598534738513       0.157416434999731     
   3.66999999999997       0.143497055163689       0.168129769371125     
   3.67999999999997       0.132723624059342       0.177547363713612     
   3.68999999999997       0.122242924712986       0.189149916005323     
   3.69999999999997       0.113865565931137       0.199167375141216     
   3.70999999999996       0.107857900889519       0.209541884408072     
   3.71999999999996       0.104081181459983       0.222061132926624     
   3.72999999999996       0.102443940913756       0.235502949237714     
   3.73999999999996       9.869097725974360E-002  0.250095112870479     
   3.74999999999996       9.408667526322503E-002  0.262825351581511     
   3.75999999999996       8.877088812644443E-002  0.276594943330831     
   3.76999999999996       8.583760682227942E-002  0.290783029033126     
   3.77999999999996       8.311477212487886E-002  0.306766461682455     
   3.78999999999996       7.903550519917373E-002  0.322363864588132     
   3.79999999999996       7.409207043544278E-002  0.335540311628797     
   3.80999999999996       6.837112736925724E-002  0.346351531541081     
   3.81999999999996       6.284194653320391E-002  0.355787597030454     
   3.82999999999996       5.514666190085374E-002  0.365019145097841     
   3.83999999999996       4.666051648194904E-002  0.374260182233366     
   3.84999999999996       3.683038616279326E-002  0.381872933117585     
   3.85999999999996       2.586808021169905E-002  0.389864750341766     
   3.86999999999996       1.356114400659888E-002  0.399786270141671     
   3.87999999999996       2.968463109486431E-003  0.408964614363159     
   3.88999999999996      -7.877213326522785E-003  0.419782880704602     
   3.89999999999996      -1.779713084243439E-002  0.431292172658466     
   3.90999999999996      -2.594073970347048E-002  0.443008235051996     
   3.91999999999996      -3.590140856956207E-002  0.452363448659336     
   3.92999999999996      -4.690670427846402E-002  0.461704174882058     
   3.93999999999996      -5.724048218347927E-002  0.470560001946935     
   3.94999999999996      -6.826332609592778E-002  0.477279774710820     
   3.95999999999996      -7.681313625571906E-002  0.482298178870273     
   3.96999999999996      -8.640371471257621E-002  0.484923605071950     
   3.97999999999996      -9.427855521104081E-002  0.486244228031483     
   3.98999999999996      -0.103453700082286       0.487182733467348     
   3.99999999999996      -0.111395075154842       0.488603680561955     
   4.00999999999996      -0.121129125668856       0.487626607427115     
   4.01999999999996      -0.131585055453575       0.487358816884914     
   4.02999999999996      -0.143494897585512       0.488644969426674     
   4.03999999999996      -0.157454833114977       0.489404706104827     
   4.04999999999996      -0.168882441865766       0.489364981103307     
   4.05999999999996      -0.179972288102888       0.490375726540419     
   4.06999999999996      -0.190610570239536       0.492485092265369     
   4.07999999999996      -0.201956717682759       0.496691726353875     
   4.08999999999996      -0.212972125277961       0.499920770318733     
   4.09999999999996      -0.222174292313591       0.498801996423166     
   4.10999999999996      -0.229158613502767       0.495347370995710     
   4.11999999999996      -0.236052152715323       0.493046401837560     
   4.12999999999996      -0.241974674111409       0.491232058153539     
   4.13999999999996      -0.247396513701258       0.490957291842403     
   4.14999999999996      -0.254742172947928       0.488610953562093     
   4.15999999999996      -0.263408016596246       0.483897274313535     
   4.16999999999996      -0.273054336512853       0.478152109645668     
   4.17999999999996      -0.282319697184149       0.471790200946160     
   4.18999999999996      -0.289583242099698       0.466777332435797     
   4.19999999999995      -0.295181540536608       0.463747558824168     
   4.20999999999995      -0.303067094526195       0.461370131411976     
   4.21999999999995      -0.310750642352714       0.459657132225065     
   4.22999999999995      -0.316749923030714       0.457457798100397     
   4.23999999999995      -0.321236611199985       0.454346187714581     
   4.24999999999995      -0.324058938769086       0.451424414968335     
   4.25999999999995      -0.325163261987344       0.450661145674096     
   4.26999999999995      -0.327754026703933       0.451621536024050     
   4.27999999999995      -0.329977118524374       0.451097860881888     
   4.28999999999995      -0.333150903714758       0.450773214121848     
   4.29999999999995      -0.336929390649846       0.452539642954426     
   4.30999999999995      -0.340768388233696       0.453395009919326     
   4.31999999999995      -0.342993068854271       0.455648048579952     
   4.32999999999995      -0.343464485361896       0.457709077927879     
   4.33999999999995      -0.345241707208586       0.460460347790089     
   4.34999999999995      -0.349039640583042       0.463971448688668     
   4.35999999999995      -0.353971102539730       0.465141667901037     
   4.36999999999995      -0.356451510363268       0.465541305859688     
   4.37999999999995      -0.360994051224682       0.467460178918231     
   4.38999999999995      -0.363442344155310       0.467872792680584     
   4.39999999999995      -0.367658984834679       0.467796455721257     
   4.40999999999995      -0.373259515618094       0.469477226865595     
   4.41999999999995      -0.379446585611417       0.472020327935553     
   4.42999999999995      -0.385779463114530       0.473637595852307     
   4.43999999999995      -0.393066759681510       0.474929785825656     
   4.44999999999995      -0.399780537764272       0.474869887562707     
   4.45999999999995      -0.408537438974436       0.475045130084633     
   4.46999999999995      -0.417724437605243       0.477656202887870     
   4.47999999999995      -0.424950038774641       0.480457583308814     
   4.48999999999995      -0.432711485465773       0.481231762847312     
   4.49999999999995      -0.440588431985686       0.483440882439516     
   4.50999999999995      -0.446663473354303       0.484567828596186     
   4.51999999999995      -0.450704044472506       0.486833780523192     
   4.52999999999995      -0.455269738950813       0.489719424362386     
   4.53999999999995      -0.457598642010629       0.492267178551912     
   4.54999999999995      -0.459822990497117       0.495049434176222     
   4.55999999999995      -0.461793301758724       0.497860685681673     
   4.56999999999995      -0.465858117822184       0.499049600168484     
   4.57999999999995      -0.470992298360176       0.497510160298368     
   4.58999999999995      -0.474917737070494       0.494647700023548     
   4.59999999999995      -0.478828516114019       0.489838418856263     
   4.60999999999995      -0.485016727863049       0.483370168853136     
   4.61999999999995      -0.491614613863926       0.477345573573359     
   4.62999999999995      -0.499049535654470       0.471658114036554     
   4.63999999999995      -0.495385815492933       0.465001351853613     
   4.64999999999995      -0.491206558490375       0.459409736333031     
   4.65999999999995      -0.486776307964739       0.454908590430911     
   4.66999999999994      -0.481680102637391       0.452155563922168     
   4.67999999999994      -0.474491072578158       0.447120187701280     
   4.68999999999994      -0.468403498120792       0.440412328958873     
   4.69999999999994      -0.462239059537347       0.431752987832418     
   4.70999999999994      -0.454793020949654       0.425554817525616     
   4.71999999999994      -0.447851844979194       0.418694859840916     
   4.72999999999994      -0.443175745104797       0.412850233830127     
   4.73999999999994      -0.439983411316357       0.405526166634606     
   4.74999999999994      -0.438554449954452       0.398973402547684     
   4.75999999999994      -0.436102750338971       0.391451471788500     
   4.76999999999994      -0.435347480714523       0.384578054072938     
   4.77999999999994      -0.434846843406047       0.376917552870749     
   4.78999999999994      -0.432686491369583       0.369808794296350     
   4.79999999999994      -0.429646770374152       0.362400879125126     
   4.80999999999994      -0.425354812804765       0.357069939801636     
   4.81999999999994      -0.423169644195677       0.352332508914696     
   4.82999999999994      -0.419363731220465       0.348211098761349     
   4.83999999999994      -0.413355707890921       0.343275515566118     
   4.84999999999994      -0.408639821693006       0.340143982172362     
   4.85999999999994      -0.402754446891769       0.335944198627100     
   4.86999999999994      -0.397811952509775       0.333381428441342     
   4.87999999999994      -0.391378063984279       0.331116263455951     
   4.88999999999994      -0.384154841074090       0.330702030922573     
   4.89999999999994      -0.375180536842750       0.328201857834103     
   4.90999999999994      -0.368702299390226       0.327472334431143     
   4.91999999999994      -0.363623571906716       0.326141982043884     
   4.92999999999994      -0.360462432230867       0.326290555724280     
   4.93999999999994      -0.357330416107764       0.325528190213373     
   4.94999999999994      -0.353907364414380       0.322463625060657     
   4.95999999999994      -0.348884321769518       0.318533019924169     
   4.96999999999994      -0.343367219140807       0.315610425060355     
   4.97999999999994      -0.337655458889172       0.314519442219546     
   4.98999999999994      -0.329972149357348       0.314250175649616     
   4.99999999999994      -0.321376472832176       0.312322061439735     
