  0.000000000000000E+000 -0.492799558998802      -0.487036736033317     
  1.000000000000000E-002 -0.486381591918318      -0.499203261297995     
  2.000000000000000E-002 -0.482119537501171      -0.484871014315054     
  3.000000000000000E-002 -0.476075343534533      -0.468498193041252     
  4.000000000000000E-002 -0.469312469276636      -0.451208239984123     
  5.000000000000000E-002 -0.462062757263507      -0.434981551991392     
  6.000000000000000E-002 -0.456685836698079      -0.421355283837540     
  7.000000000000001E-002 -0.451681905302009      -0.409466978904209     
  8.000000000000000E-002 -0.444645181856427      -0.395873438103505     
  9.000000000000000E-002 -0.435382841994939      -0.381739777778552     
  0.100000000000000      -0.428028439212290      -0.367162170919485     
  0.110000000000000      -0.422529879820794      -0.352327912781136     
  0.120000000000000      -0.415753333552031      -0.338651141417428     
  0.130000000000000      -0.407421444983299      -0.323188436505645     
  0.140000000000000      -0.400721889625153      -0.307959740654547     
  0.150000000000000      -0.393109115300137      -0.291530095517060     
  0.160000000000000      -0.385010179137177      -0.274222337247027     
  0.170000000000000      -0.375904398359269      -0.254748925670337     
  0.180000000000000      -0.364952039133678      -0.237430710334369     
  0.190000000000000      -0.355313687430776      -0.219244802133865     
  0.200000000000000      -0.345004906714068      -0.200977667144852     
  0.210000000000000      -0.335345462448295      -0.181365105708924     
  0.220000000000000      -0.326567033760625      -0.162664321731761     
  0.230000000000000      -0.317309213593772      -0.144731367056098     
  0.240000000000000      -0.308430148939798      -0.125808968791917     
  0.250000000000000      -0.300039188677200      -0.107448979971493     
  0.260000000000000      -0.292075793659419      -8.969543262627366E-002
  0.270000000000000      -0.281750720646339      -7.415334243802993E-002
  0.280000000000000      -0.270866617171937      -5.973167724753745E-002
  0.290000000000000      -0.261106114884853      -4.461213297387450E-002
  0.300000000000000      -0.250933911388321      -3.049379657084188E-002
  0.310000000000000      -0.242986651005903      -1.755259841736116E-002
  0.320000000000000      -0.236122113003177      -3.173206202394467E-003
  0.330000000000000      -0.230823519635008       1.115862823745208E-002
  0.340000000000000      -0.225016358315943       2.307882511548301E-002
  0.350000000000000      -0.220024435208014       3.264468312114580E-002
  0.360000000000000      -0.216465774133047       4.229987999369925E-002
  0.370000000000000      -0.213429196324453       5.047486432224858E-002
  0.380000000000000      -0.212551263825418       5.820917645964453E-002
  0.390000000000000      -0.212834792125293       6.448709269790105E-002
  0.400000000000000      -0.212049121810719       7.091950814736450E-002
  0.410000000000000      -0.209761799232525       7.919676159136715E-002
  0.420000000000000      -0.207929547969045       8.641831821278187E-002
  0.430000000000000      -0.204641287066290       9.561648179015436E-002
  0.440000000000000      -0.202694419556859       0.104114561539834     
  0.450000000000000      -0.200855682476013       0.113685060514311     
  0.460000000000000      -0.199324901377316       0.122130286848816     
  0.470000000000000      -0.197438734626919       0.132153506190925     
  0.480000000000000      -0.193672773344297       0.142930123457511     
  0.490000000000000      -0.189392060228129       0.155627617386530     
  0.500000000000000      -0.182740007669169       0.168415506612738     
  0.510000000000000      -0.178192890546560       0.181804822520923     
  0.520000000000000      -0.171252171550721       0.194625894466505     
  0.530000000000000      -0.165994468254812       0.205651201979031     
  0.540000000000000      -0.159813086118552       0.214362041351061     
  0.550000000000000      -0.152424513920232       0.221771963142737     
  0.560000000000000      -0.145335267080180       0.230442937843028     
  0.570000000000000      -0.139444623695557       0.236997831299235     
  0.580000000000000      -0.131347956494795       0.243563935562226     
  0.590000000000000      -0.123063653433474       0.250528703328888     
  0.600000000000000      -0.116411340247929       0.258447894413301     
  0.610000000000000      -0.111366627509373       0.264853991056808     
  0.620000000000000      -0.104074084599949       0.272668041407803     
  0.630000000000000      -9.903578637002866E-002  0.278040928591934     
  0.640000000000000      -9.416721232700512E-002  0.282694846380292     
  0.650000000000000      -8.698256221345041E-002  0.285877762721569     
  0.660000000000000      -7.853094292002032E-002  0.290434890459515     
  0.670000000000000      -6.894943346229737E-002  0.296664659788757     
  0.680000000000000      -6.016711692473698E-002  0.303208375581087     
  0.690000000000000      -4.976750470118744E-002  0.310332989664437     
  0.700000000000000      -3.823199189420193E-002  0.315091428884331     
  0.710000000000000      -2.756105151200911E-002  0.322120815700001     
  0.720000000000000      -1.651279149746990E-002  0.327131675050673     
  0.730000000000000      -7.789167366560027E-003  0.330556327050559     
  0.740000000000000       1.475029609830123E-003  0.335536548102138     
  0.750000000000000       8.503686194742835E-003  0.342051294539113     
  0.760000000000000       1.640404804941252E-002  0.347685054173937     
  0.770000000000000       2.438504616279725E-002  0.350860378344005     
  0.780000000000000       3.245148301407969E-002  0.351618396373245     
  0.790000000000000       4.237601328843341E-002  0.352818841936260     
  0.800000000000000       5.343689005634294E-002  0.352374188695892     
  0.810000000000000       6.204354751133173E-002  0.350010054776587     
  0.820000000000001       6.990747439151750E-002  0.347540957056842     
  0.830000000000001       7.835816609126581E-002  0.345743307117480     
  0.840000000000001       8.796160178885903E-002  0.345255740093440     
  0.850000000000001       9.653547353528842E-002  0.344025439575183     
  0.860000000000001       0.107118284964422       0.344812972900821     
  0.870000000000001       0.117931522774037       0.345415903764832     
  0.880000000000001       0.128431605190038       0.346322615790466     
  0.890000000000001       0.136796864748611       0.347142580421415     
  0.900000000000001       0.143511478322874       0.346967796606066     
  0.910000000000001       0.149188932223901       0.346473756364478     
  0.920000000000001       0.155901803748535       0.347327754020160     
  0.930000000000001       0.164438964148068       0.346633533842247     
  0.940000000000001       0.171083784208987       0.343573052851562     
  0.950000000000001       0.176251981687886       0.339321376030465     
  0.960000000000001       0.179115760300914       0.336794080887508     
  0.970000000000001       0.180170572691163       0.331979842038518     
  0.980000000000001       0.183644302493631       0.325639242639391     
  0.990000000000001       0.185522482327270       0.318336470906873     
   1.00000000000000       0.188906911482607       0.313437629239586     
   1.01000000000000       0.193164099303120       0.310103396353001     
   1.02000000000000       0.197374798026907       0.308222008606223     
   1.03000000000000       0.203472291339688       0.304224269284044     
   1.04000000000000       0.208488647259339       0.300724097298839     
   1.05000000000000       0.215230587942329       0.296178897401980     
   1.06000000000000       0.222529706655746       0.291994483962181     
   1.07000000000000       0.231994752031719       0.289345816165289     
   1.08000000000000       0.240346275671776       0.286994532379497     
   1.09000000000000       0.247171112892677       0.285225036994352     
   1.10000000000000       0.254393419191937       0.282420169323387     
   1.11000000000000       0.259827554700733       0.278162759291218     
   1.12000000000000       0.264622091837563       0.271579429195536     
   1.13000000000000       0.271379328456557       0.262770516411380     
   1.14000000000000       0.278592994943246       0.252591851809858     
   1.15000000000000       0.285787136720548       0.243079190486402     
   1.16000000000000       0.294480346814097       0.231955577055114     
   1.17000000000000       0.303490880308148       0.221130729518110     
   1.18000000000000       0.311687327714540       0.207997045802756     
   1.19000000000000       0.318345793637050       0.194890448083836     
   1.20000000000000       0.324796315432903       0.180373160170359     
   1.21000000000000       0.329437958516905       0.168148847618591     
   1.22000000000000       0.333430113579992       0.157275531323653     
   1.23000000000000       0.337931764153494       0.145537592377113     
   1.24000000000000       0.344312224155834       0.134226426263618     
   1.25000000000000       0.349687005584110       0.121313941371509     
   1.26000000000000       0.356592922633404       0.106318570536098     
   1.27000000000000       0.363562632117476       8.982098739006675E-002
   1.28000000000000       0.371736838437536       7.316947837109765E-002
   1.29000000000000       0.380515223076565       5.725343292480180E-002
   1.30000000000000       0.391015580334972       4.227484846358143E-002
   1.31000000000000       0.402445606169153       2.550823733411841E-002
   1.32000000000000       0.411655559180387       8.761062802447817E-003
   1.33000000000000       0.421041090972060      -7.900985005351639E-003
   1.34000000000000       0.431992937781004      -2.446096221513721E-002
   1.35000000000000       0.442567522975471      -3.898665196618799E-002
   1.36000000000000       0.452175980912490      -5.549116639666616E-002
   1.37000000000000       0.462713775486673      -7.366062162350372E-002
   1.38000000000000       0.473192804491444      -9.327614513974569E-002
   1.39000000000000       0.483780274658664      -0.110356781009865     
   1.40000000000000       0.495800340660432      -0.129355620771349     
   1.41000000000000       0.490567734317135      -0.146491287836879     
   1.42000000000000       0.475925824635268      -0.163006154243406     
   1.43000000000000       0.459271856686064      -0.181417016305679     
   1.44000000000000       0.440497228542609      -0.201833393827298     
   1.45000000000000       0.420798176933533      -0.219756634780501     
   1.46000000000000       0.403611020101853      -0.236938231449349     
   1.47000000000000       0.385220253122308      -0.254073733455772     
   1.48000000000000       0.366103709625625      -0.272557680849347     
   1.49000000000000       0.345878148600068      -0.290563985862958     
   1.50000000000000       0.326894749299149      -0.307980116990355     
   1.51000000000000       0.307153712958164      -0.325189843608541     
   1.52000000000000       0.285272023765749      -0.342086162547010     
   1.53000000000000       0.265365507902222      -0.358463420974685     
   1.54000000000000       0.247443961835652      -0.375086921660802     
   1.55000000000000       0.230859124321848      -0.389120505141520     
   1.56000000000000       0.214536699024831      -0.404413525915892     
   1.57000000000000       0.199366077909791      -0.418855644646324     
   1.58000000000000       0.184670884763569      -0.430873155965141     
   1.59000000000000       0.170099805557816      -0.444940445754249     
   1.60000000000000       0.155496530289117      -0.459929822875966     
   1.61000000000000       0.139914188878057      -0.473057769272757     
   1.62000000000000       0.125937172827968      -0.484193762642317     
   1.63000000000000       0.112482140177959      -0.493442734544098     
   1.64000000000000       9.802417605579256E-002 -0.496306162352418     
   1.65000000000000       8.504004358995358E-002 -0.483821021904389     
   1.66000000000000       7.232781210264626E-002 -0.472096443198565     
   1.67000000000000       6.134748068377168E-002 -0.459973739607396     
   1.68000000000000       4.909280415752893E-002 -0.448700268855460     
   1.69000000000000       3.771384887395406E-002 -0.438754842711253     
   1.70000000000000       2.703036419478988E-002 -0.428455159660615     
   1.71000000000000       1.878695203136741E-002 -0.416016054959711     
   1.72000000000000       1.267792427916318E-002 -0.402474049571230     
   1.73000000000000       8.116922880377190E-003 -0.388978637894423     
   1.74000000000000       3.697006411791848E-003 -0.376810011679166     
   1.75000000000000      -2.610414077829299E-004 -0.363406659403397     
   1.76000000000000      -3.601379050318479E-003 -0.348579820724060     
   1.77000000000000      -7.648445688995001E-003 -0.332214259056245     
   1.78000000000000      -1.179030478742053E-002 -0.315634066080693     
   1.79000000000000      -1.516892035827428E-002 -0.300682747648897     
   1.80000000000000      -1.675218165300942E-002 -0.285012725224923     
   1.81000000000000      -2.013273504265797E-002 -0.270999834901989     
   1.82000000000000      -2.467416261949350E-002 -0.257457242102206     
   1.83000000000000      -2.818887178801177E-002 -0.246415775918881     
   1.84000000000000      -3.183078334361632E-002 -0.237543701466870     
   1.85000000000000      -3.365111124936195E-002 -0.230297373914830     
   1.86000000000000      -3.695746791144278E-002 -0.222627012979189     
   1.87000000000000      -3.894777867532959E-002 -0.216186369431879     
   1.88000000000000      -3.900254081776561E-002 -0.209874100101076     
   1.89000000000000      -3.789114497236615E-002 -0.202741572333367     
   1.90000000000000      -3.688606561628923E-002 -0.193666863115256     
   1.91000000000000      -3.739128503746049E-002 -0.184676687004325     
   1.92000000000000      -3.898752243184853E-002 -0.173832345357360     
   1.93000000000000      -4.038566156736063E-002 -0.163211172351052     
   1.94000000000000      -4.354854842370735E-002 -0.152022033442943     
   1.95000000000000      -4.716876300664347E-002 -0.142965205984038     
   1.96000000000000      -5.094542870487316E-002 -0.133987536309353     
   1.97000000000000      -5.379516773091160E-002 -0.125502879536078     
   1.98000000000000      -5.501801054150426E-002 -0.116044824936049     
   1.99000000000000      -5.818109002871383E-002 -0.107075421214284     
   2.00000000000000      -6.058313158161892E-002 -0.100233443405844     
   2.01000000000000      -6.512458040122568E-002 -9.508554615220179E-002
   2.02000000000000      -6.753017437795730E-002 -9.133393050217423E-002
   2.03000000000000      -6.988454109683570E-002 -8.922575203878499E-002
   2.04000000000000      -7.269785105627301E-002 -8.676768028290788E-002
   2.05000000000000      -7.655057054988471E-002 -8.522904763210171E-002
   2.06000000000000      -8.176109008261656E-002 -8.198453542649591E-002
   2.07000000000000      -8.709356270765764E-002 -7.740108982566664E-002
   2.08000000000000      -9.287701349040256E-002 -7.089509530966825E-002
   2.09000000000000      -9.881746642158643E-002 -6.276570657936199E-002
   2.10000000000000      -0.104072253291439      -5.387543592578897E-002
   2.11000000000000      -0.108378556985944      -4.619680977251828E-002
   2.12000000000000      -0.113857779221184      -3.739688715307778E-002
   2.13000000000000      -0.117361924338631      -3.051212002144283E-002
   2.14000000000000      -0.121492369520414      -2.309674249053845E-002
   2.15000000000000      -0.126176454253795      -1.375761546150081E-002
   2.16000000000000      -0.132822249677065      -5.661966347026712E-003
   2.17000000000000      -0.141256520441629       1.684889460433550E-003
   2.18000000000000      -0.152014605471157       8.185533448414453E-003
   2.19000000000000      -0.164354439370382       1.412598341860753E-002
   2.20000000000000      -0.178358973201600       1.789226644012615E-002
   2.21000000000000      -0.191839969981449       2.302599850898744E-002
   2.22000000000000      -0.207063286304232       2.781826183585023E-002
   2.23000000000000      -0.223765887553110       3.326664102083332E-002
   2.24000000000000      -0.241103229239613       3.936525821043484E-002
   2.25000000000000      -0.257631965450180       4.556266612959536E-002
   2.26000000000000      -0.276380516554363       5.093314832833284E-002
   2.27000000000000      -0.295868786375059       5.454194864060023E-002
   2.28000000000000      -0.312833027346143       5.764556013425096E-002
   2.29000000000000      -0.328429156195114       6.040290224723437E-002
   2.29999999999999      -0.344433668800397       6.273150614470722E-002
   2.30999999999999      -0.359579904517394       6.713510763758519E-002
   2.31999999999999      -0.372253276203453       7.128491693701365E-002
   2.32999999999999      -0.384441215493710       7.403996217594366E-002
   2.33999999999999      -0.394391597346502       7.641291607400737E-002
   2.34999999999999      -0.406520122643682       7.885881430601020E-002
   2.35999999999999      -0.416301882403932       8.145707720364224E-002
   2.36999999999999      -0.427380232813009       8.505004012940880E-002
   2.37999999999999      -0.440313861883597       8.918286999273189E-002
   2.38999999999999      -0.454424854533542       9.211577355837225E-002
   2.39999999999999      -0.468552311022027       9.589206272748019E-002
   2.40999999999999      -0.484513949212976       0.100300460127588     
   2.41999999999999      -0.498933205203637       0.105780093750573     
   2.42999999999999      -0.480637715165296       0.111752074958285     
   2.43999999999999      -0.461291785969041       0.117268731841779     
   2.44999999999999      -0.440033952975839       0.125154645669912     
   2.45999999999999      -0.419580975938514       0.134571755516408     
   2.46999999999999      -0.398103154963120       0.145414667930702     
   2.47999999999999      -0.378232148419631       0.156286051663480     
   2.48999999999999      -0.358340076342273       0.165351791021504     
   2.49999999999999      -0.337713714985346       0.173238334901434     
   2.50999999999999      -0.318885384251261       0.181025272587093     
   2.51999999999999      -0.299808733817828       0.189201248112945     
   2.52999999999999      -0.278747155065692       0.199011393146451     
   2.53999999999999      -0.255672281990122       0.207810941976785     
   2.54999999999999      -0.231410788243122       0.215360270180657     
   2.55999999999999      -0.207023940767880       0.222863101514668     
   2.56999999999999      -0.182773555239478       0.230132530347780     
   2.57999999999999      -0.157426422017698       0.235419491197925     
   2.58999999999999      -0.132518017609657       0.238870972992992     
   2.59999999999999      -0.108199523712994       0.243962121824651     
   2.60999999999999      -8.548213684663641E-002  0.250750128281768     
   2.61999999999999      -6.360503226669710E-002  0.258931659222647     
   2.62999999999999      -4.232104817729491E-002  0.268909879075782     
   2.63999999999999      -2.264764841252617E-002  0.278456189183487     
   2.64999999999999      -4.984240016005649E-003  0.286694336360684     
   2.65999999999999       1.419827871523721E-002  0.295182393373628     
   2.66999999999999       3.122430468115995E-002  0.301753013615358     
   2.67999999999999       4.652899477974128E-002  0.309381466563556     
   2.68999999999999       6.076880345230067E-002  0.316774519369405     
   2.69999999999999       7.498853224032202E-002  0.325747198857094     
   2.70999999999999       8.788023159614393E-002  0.332207925264368     
   2.71999999999999       0.101824694736189       0.340373309725767     
   2.72999999999999       0.117753490145119       0.349782609391893     
   2.73999999999999       0.134294407242863       0.358260258917054     
   2.74999999999999       0.149294037922125       0.365944433889310     
   2.75999999999999       0.165683290882081       0.372434468558245     
   2.76999999999998       0.182398521361578       0.379479687993463     
   2.77999999999998       0.200073310355058       0.388065155765967     
   2.78999999999998       0.219950075075587       0.397650379240241     
   2.79999999999998       0.238009306420935       0.405413705450562     
   2.80999999999998       0.256370271207443       0.411055145410459     
   2.81999999999998       0.275511489658799       0.416393843611913     
   2.82999999999998       0.294052840822709       0.421283204132211     
   2.83999999999998       0.310892270579786       0.424791299053029     
   2.84999999999998       0.327444434985200       0.427176875011822     
   2.85999999999998       0.346164775487384       0.428552059676595     
   2.86999999999998       0.366717581921239       0.431995647140179     
   2.87999999999998       0.385415451205850       0.434877816407814     
   2.88999999999998       0.404606841022265       0.438251472307664     
   2.89999999999998       0.425428223276370       0.439958851394982     
   2.90999999999998       0.445841598123286       0.442417342548467     
   2.91999999999998       0.463750961593139       0.442973228502662     
   2.92999999999998       0.483305643642702       0.443430227463423     
   2.93999999999998       0.498720095357118       0.445735736311640     
   2.94999999999998       0.478921313964167       0.450095935445369     
   2.95999999999998       0.458460169767598       0.454420482693130     
   2.96999999999998       0.437036442111724       0.458134683714916     
   2.97999999999998       0.417647236748004       0.460089477940746     
   2.98999999999998       0.400746940637133       0.462726481404897     
   2.99999999999998       0.382429941509971       0.466604269862197     
   3.00999999999998       0.365885037775565       0.470509202324901     
   3.01999999999998       0.351373897748626       0.473259228890258     
   3.02999999999998       0.336610981149047       0.476533728509021     
   3.03999999999998       0.323603131586197       0.481885547481455     
   3.04999999999998       0.311714531259166       0.485903082793096     
   3.05999999999998       0.300605737774211       0.490758872309065     
   3.06999999999998       0.287581911837881       0.493219441987135     
   3.07999999999998       0.276758923795660       0.494358998941028     
   3.08999999999998       0.263722574793213       0.495093110221267     
   3.09999999999998       0.250360805526466       0.495411295906098     
   3.10999999999998       0.236554997773476       0.494207281441147     
   3.11999999999998       0.225260212291478       0.491092396781179     
   3.12999999999998       0.211727790464768       0.487866141294531     
   3.13999999999998       0.199757220624081       0.483185504555706     
   3.14999999999998       0.185688919923902       0.479549542934633     
   3.15999999999998       0.171039300274803       0.474727955956383     
   3.16999999999998       0.154369520076510       0.468608030412533     
   3.17999999999998       0.138279540158986       0.462525025887238     
   3.18999999999998       0.121424148668337       0.455115466924287     
   3.19999999999998       0.104889618223894       0.448343036133385     
   3.20999999999998       9.088321566918227E-002  0.441560488765770     
   3.21999999999998       7.602192805549253E-002  0.434134733987169     
   3.22999999999998       5.947881901285371E-002  0.427162969213578     
   3.23999999999997       4.540800147315005E-002  0.418833785231285     
   3.24999999999997       2.971185681805177E-002  0.409332642035821     
   3.25999999999997       1.291701740609447E-002  0.399280331986569     
   3.26999999999997      -3.170271849278160E-003  0.389443447509457     
   3.27999999999997      -1.896964860894685E-002  0.380936685855372     
   3.28999999999997      -3.327110326713337E-002  0.370349241755170     
   3.29999999999997      -4.689136990956086E-002  0.357697369152696     
   3.30999999999997      -5.855819154555734E-002  0.343801042011427     
   3.31999999999997      -6.898734297395478E-002  0.330885556238421     
   3.32999999999997      -7.710761870902604E-002  0.316937364501222     
   3.33999999999997      -8.297164528061107E-002  0.303945461808530     
   3.34999999999997      -8.815539816513969E-002  0.290468962601864     
   3.35999999999997      -9.356561736006511E-002  0.278061334197100     
   3.36999999999997      -0.100196716737898       0.266691128512202     
   3.37999999999997      -0.105545040520589       0.253962900943789     
   3.38999999999997      -0.111122598970324       0.240834856481063     
   3.39999999999997      -0.116535779880035       0.225863977485483     
   3.40999999999997      -0.120037402638203       0.210541159484123     
   3.41999999999997      -0.123782015811646       0.197673317545568     
   3.42999999999997      -0.127380153359768       0.183017483254982     
   3.43999999999997      -0.132688291377900       0.170367194474771     
   3.44999999999997      -0.139704985709466       0.155589188646852     
   3.45999999999997      -0.145570228692795       0.139986686669128     
   3.46999999999997      -0.150351996820805       0.122222820491062     
   3.47999999999997      -0.153966831994187       0.106525989587532     
   3.48999999999997      -0.158804523569783       8.863045709146734E-002
   3.49999999999997      -0.165625878706594       6.985489293669661E-002
   3.50999999999997      -0.170771535947368       5.133616731433428E-002
   3.51999999999997      -0.175289311334517       3.115692191717350E-002
   3.52999999999997      -0.179226452284701       9.852215214866709E-003
   3.53999999999997      -0.181471728894263      -8.892461681605141E-003
   3.54999999999997      -0.183226987895803      -2.922907395895901E-002
   3.55999999999997      -0.187294170268083      -4.869115837191464E-002
   3.56999999999997      -0.190718684101689      -6.945837598489048E-002
   3.57999999999997      -0.193670092104242      -9.175480095493704E-002
   3.58999999999997      -0.198301286291216      -0.113421897999772     
   3.59999999999997      -0.202696953000391      -0.132678528071172     
   3.60999999999997      -0.208404825876854      -0.153396761883860     
   3.61999999999997      -0.211975750006748      -0.173520421868708     
   3.62999999999997      -0.216072959515792      -0.195002445502256     
   3.63999999999997      -0.218961266626476      -0.214971396676366     
   3.64999999999997      -0.221566344049361      -0.233674557162448     
   3.65999999999997      -0.225841465950197      -0.252813727058098     
   3.66999999999997      -0.231775178474749      -0.273871030028402     
   3.67999999999997      -0.237123242605145      -0.296744100536099     
   3.68999999999997      -0.240403682909140      -0.318148589203600     
   3.69999999999997      -0.245022762069681      -0.339517106812071     
   3.70999999999996      -0.248293581812911      -0.359743239825513     
   3.71999999999996      -0.253216325425791      -0.379189963295734     
   3.72999999999996      -0.255782728236505      -0.396273308736901     
   3.73999999999996      -0.259377515045405      -0.411122910163933     
   3.74999999999996      -0.260843413298738      -0.425242650224847     
   3.75999999999996      -0.264487637265656      -0.436931187623267     
   3.76999999999996      -0.268671124153985      -0.446270447767699     
   3.77999999999996      -0.272823563686779      -0.454536659129888     
   3.78999999999996      -0.277468247507980      -0.464312709877554     
   3.79999999999996      -0.281262265511968      -0.471657783443277     
   3.80999999999996      -0.287187521416888      -0.478958509415332     
   3.81999999999996      -0.290894928631374      -0.483840110659052     
   3.82999999999996      -0.294788267744896      -0.487765392244594     
   3.83999999999996      -0.299640006362144      -0.490372634417571     
   3.84999999999996      -0.304391088909013      -0.494290722767953     
   3.85999999999996      -0.311489246157975      -0.496086423532517     
   3.86999999999996      -0.317802828231898      -0.499744608889597     
   3.87999999999996      -0.322669788866873      -0.496719824937613     
   3.88999999999996      -0.327753276944628      -0.492719409252401     
   3.89999999999996      -0.332883271328926      -0.490254335339171     
   3.90999999999996      -0.337283066909291      -0.487763053361886     
   3.91999999999996      -0.341487532716419      -0.485065655091979     
   3.92999999999996      -0.344140787095332      -0.484494598769840     
   3.93999999999996      -0.348437700462095      -0.481845892154396     
   3.94999999999996      -0.351096511293605      -0.477781728603864     
   3.95999999999996      -0.355383703877218      -0.474544558071192     
   3.96999999999996      -0.359560994160014      -0.469821891561759     
   3.97999999999996      -0.365389968696040      -0.466516847442845     
   3.98999999999996      -0.372598570274705      -0.465301389956634     
   3.99999999999996      -0.377631302084529      -0.465977183960175     
   4.00999999999996      -0.382757463042016      -0.466942831326276     
   4.01999999999996      -0.388825556481179      -0.469243521211917     
   4.02999999999996      -0.395213219361089      -0.471509781252625     
   4.03999999999996      -0.400288574985476      -0.474393374389578     
   4.04999999999996      -0.403322375833199      -0.478601697987041     
   4.05999999999996      -0.405955262604573      -0.481015099054445     
   4.06999999999996      -0.409994582344109      -0.484075148934652     
   4.07999999999996      -0.415236519160739      -0.485185292357132     
   4.08999999999996      -0.418935907587866      -0.487146172293084     
   4.09999999999996      -0.424110725648731      -0.488317226108272     
   4.10999999999996      -0.431629281711450      -0.489510932487700     
   4.11999999999996      -0.438595782485587      -0.489109865087220     
   4.12999999999996      -0.445940146385921      -0.487857995001145     
   4.13999999999996      -0.454590439527586      -0.488170031925758     
   4.14999999999996      -0.462595844336689      -0.486359618277686     
   4.15999999999996      -0.471142531175465      -0.482160064060400     
   4.16999999999996      -0.480059272348176      -0.477872575655481     
   4.17999999999996      -0.486514674935946      -0.471383298444050     
   4.18999999999996      -0.492582609885205      -0.465135688834358     
   4.19999999999995      -0.496179601992090      -0.458218299461091     
   4.20999999999995      -0.498747256518876      -0.453690232161509     
   4.21999999999995      -0.496616564470147      -0.447660375546026     
   4.22999999999995      -0.494234021243006      -0.440781756789375     
   4.23999999999995      -0.489603347727484      -0.433578257610540     
   4.24999999999995      -0.483650866115029      -0.425535343045265     
   4.25999999999995      -0.479604813997973      -0.417481756747980     
   4.26999999999995      -0.476397649237380      -0.411059676075208     
   4.27999999999995      -0.474175261351619      -0.402892548858059     
   4.28999999999995      -0.470527981348017      -0.396854980689125     
   4.29999999999995      -0.466530456599235      -0.392318094279815     
   4.30999999999995      -0.462502942696557      -0.389665202483519     
   4.31999999999995      -0.460262560246473      -0.387332202835159     
   4.32999999999995      -0.456549396356151      -0.383854193912970     
   4.33999999999995      -0.454943940808700      -0.378537063680163     
   4.34999999999995      -0.452236789629650      -0.374450250965409     
   4.35999999999995      -0.447547783677172      -0.369158537200513     
   4.36999999999995      -0.441918842768643      -0.363747754411265     
   4.37999999999995      -0.437455925496481      -0.356751084669634     
   4.38999999999995      -0.434555912727530      -0.351268992790664     
   4.39999999999995      -0.430275354359949      -0.343947183312160     
   4.40999999999995      -0.426782564160354      -0.337912166390381     
   4.41999999999995      -0.425589065015028      -0.332323455354527     
   4.42999999999995      -0.425986579281849      -0.326725981275956     
   4.43999999999995      -0.426498320725456      -0.323559790681395     
   4.44999999999995      -0.427325308309723      -0.321243181395001     
   4.45999999999995      -0.427361324543742      -0.319429419835140     
   4.46999999999995      -0.426596107102689      -0.315265889572581     
   4.47999999999995      -0.423560516594932      -0.311097207685312     
   4.48999999999995      -0.421310831633999      -0.305660830875536     
   4.49999999999995      -0.419273858663382      -0.298537407443375     
   4.50999999999995      -0.415126117383598      -0.293277513382893     
   4.51999999999995      -0.409304976751891      -0.289188335152061     
   4.52999999999995      -0.401418529082156      -0.286684282041835     
   4.53999999999995      -0.395482309324159      -0.283124027847481     
   4.54999999999995      -0.387442784737448      -0.281769180100178     
   4.55999999999995      -0.377092391046681      -0.281805731937991     
   4.56999999999995      -0.365470971665109      -0.279600416021557     
   4.57999999999995      -0.356303435398502      -0.277419164951270     
   4.58999999999995      -0.349133715091890      -0.275679020301072     
   4.59999999999995      -0.340323271165284      -0.272222037416872     
   4.60999999999995      -0.332819071914211      -0.270613707335671     
   4.61999999999995      -0.324144594794068      -0.270477028098829     
   4.62999999999995      -0.316625323564166      -0.269691226778891     
   4.63999999999995      -0.307553940577222      -0.269223405570081     
   4.64999999999995      -0.298216613200599      -0.269832671704677     
   4.65999999999995      -0.286660606304392      -0.270250321251474     
   4.66999999999994      -0.274177210891857      -0.271516788150386     
   4.67999999999994      -0.261151667375705      -0.273681717562574     
   4.68999999999994      -0.248510517324579      -0.277499493790868     
   4.69999999999994      -0.238276141722828      -0.283057937270705     
   4.70999999999994      -0.229512104041660      -0.289937799899152     
   4.71999999999994      -0.221179542572069      -0.296588962184997     
   4.72999999999994      -0.212808555440317      -0.303857891775447     
   4.73999999999994      -0.204279953535209      -0.310026052289824     
   4.74999999999994      -0.196993089513762      -0.316572443819652     
   4.75999999999994      -0.187424404131460      -0.321503718124598     
   4.76999999999994      -0.179838662509066      -0.325014531375397     
   4.77999999999994      -0.173320467017062      -0.329833153081168     
   4.78999999999994      -0.166589247164009      -0.333112349063597     
   4.79999999999994      -0.159749994880512      -0.333911098427997     
   4.80999999999994      -0.153690319511973      -0.336936595784559     
   4.81999999999994      -0.149679266686973      -0.338200905078278     
   4.82999999999994      -0.145348360482829      -0.338654791298792     
   4.83999999999994      -0.141293073892245      -0.337271575064718     
   4.84999999999994      -0.139117444297796      -0.335356518361831     
   4.85999999999994      -0.134559927991195      -0.335832788251439     
   4.86999999999994      -0.130434985894155      -0.336976574264586     
   4.87999999999994      -0.123963196680903      -0.338906424199860     
   4.88999999999994      -0.115806019708050      -0.342851058515785     
   4.89999999999994      -0.106924527916513      -0.348637847107948     
   4.90999999999994      -9.892638920161319E-002 -0.354331800940748     
   4.91999999999994      -8.988951466988299E-002 -0.359126063572529     
   4.92999999999994      -7.856776783450918E-002 -0.365901263133923     
   4.93999999999994      -6.564059943110313E-002 -0.374853705351655     
   4.94999999999994      -5.090595494974449E-002 -0.383560153343423     
   4.95999999999994      -3.834667794919849E-002 -0.391379686941665     
   4.96999999999994      -2.511613413307938E-002 -0.398746577165188     
   4.97999999999994      -1.328476686120879E-002 -0.405110947370240     
   4.98999999999994      -1.917837744180060E-003 -0.410452541655861     
   4.99999999999994       8.116350865652044E-003 -0.413986278439690     
