   1 0.2997825E+02
   6 0.1544504E+03
   1 0.1548121E+03
   3 0.1521101E+03
   3 0.4789221E+01
   3 0.1556480E+03
   1 0.1543597E+03
   3 0.1558026E+03
   1 0.8707461E+02
   3 0.1540914E+03
   1 0.4639636E+02
   2 0.1544932E+03
   3 0.1541771E+03
   1 0.1546420E+03
   6 0.1542654E+03
   5 0.1545391E+03
   3 0.1537687E+03
   6 0.6190761E+02
   1 0.1546695E+03
   5 0.1550358E+03
   3 0.1539021E+03
   2 0.1542830E+03
   3 0.1127510E+03
   1 0.1538965E+03
   2 0.1225738E+03
   6 0.1544738E+03
   3 0.1540004E+03
   3 0.1544666E+03
   3 0.1545550E+03
   1 0.1540452E+03
   2 0.1539887E+03
   3 0.1546523E+03
   3 0.1544185E+03
   1 0.1544046E+03
   1 0.1541284E+03
   3 0.1539418E+03
   2 0.1543974E+03
   1 0.1541258E+03
   3 0.1540369E+03
   4 0.1545245E+03
   6 0.1540301E+03
   3 0.1539177E+03
   1 0.1538987E+03
   4 0.1540489E+03
   6 0.5909540E+02
   2 0.1534452E+03
   4 0.1350822E+03
   1 0.1543879E+03
   3 0.1540292E+03
   3 0.7862743E+01
   1 0.1475452E+03
   2 0.1535689E+03
   2 0.1252775E+03
   7 0.1545222E+03
   7 0.6162542E+02
   2 0.1535474E+03
   3 0.1547694E+03
   7 0.1538339E+03
   3 0.1538588E+03
   7 0.9992801E+02
   3 0.1542904E+03
   4 0.1544278E+03
   2 0.1538809E+03
   3 0.1546539E+03
   1 0.1549685E+03
   3 0.5061191E+02
   3 0.1537603E+03
   4 0.1536795E+03
   5 0.1546200E+03
   7 0.1542637E+03
   4 0.1547541E+03
   3 0.1543619E+03
   1 0.1539532E+03
   4 0.1548690E+03
   1 0.1545833E+03
   3 0.1541309E+03
   1 0.1480822E+02
   4 0.1540966E+03
   2 0.1543211E+03
   1 0.1532111E+03
   4 0.1546379E+03
   1 0.1543533E+03
   5 0.1543642E+03
   3 0.1537815E+03
   4 0.1534535E+03
   7 0.1544732E+03
   4 0.1541703E+03
   3 0.1539740E+03
   2 0.1548353E+03
   7 0.1353876E+03
   3 0.1541715E+03
   4 0.1545321E+03
   1 0.1543194E+03
   6 0.1542993E+03
   3 0.1547648E+03
   1 0.5758014E+02
   1 0.1552234E+03
   4 0.1539234E+03
   3 0.1542444E+03
   1 0.1545960E+03
   2 0.1543945E+03
   1 0.1544665E+03
   7 0.1538212E+03
   1 0.1544662E+03
   7 0.1543745E+03
   2 0.1540914E+03
   1 0.1546847E+03
   2 0.3604611E+02
   1 0.1547208E+03
   1 0.1544710E+03
   2 0.1543475E+03
   1 0.1550608E+03
   7 0.1539330E+03
   1 0.1544956E+03
   1 0.1460065E+02
   3 0.1547800E+03
   1 0.1547095E+03
   7 0.1551791E+03
   4 0.1547338E+03
   1 0.1523547E+03
   1 0.1553476E+03
   4 0.1545471E+03
   4 0.1549645E+03
   1 0.1530875E+03
   4 0.1540726E+03
   1 0.1551410E+03
   4 0.1539908E+03
   5 0.1546588E+03
   5 0.1631006E+02
   4 0.1543151E+03
   4 0.1547674E+03
   4 0.1404440E+03
   3 0.1542783E+03
   4 0.5004905E+02
   4 0.1546231E+03
   5 0.1537398E+03
   3 0.1536212E+03
   6 0.1550705E+03
   3 0.1543135E+03
   3 0.1893666E+02
   4 0.1542287E+03
   3 0.5451457E+02
   3 0.1548542E+03
   6 0.1549664E+03
   4 0.1546530E+03
   3 0.1539336E+03
   3 0.1539713E+03
   4 0.1540077E+03
   6 0.1544661E+03
   5 0.1544041E+03
   4 0.1544867E+03
   5 0.2244311E+02
   6 0.1551034E+03
   5 0.1550823E+03
   4 0.1542228E+03
   1 0.1545937E+03
   4 0.1541944E+03
   5 0.1542751E+03
   2 0.1543911E+03
   1 0.1544188E+03
   2 0.1171512E+03
   5 0.1542022E+03
   2 0.1539918E+03
   2 0.9402831E+02
   7 0.1546769E+03
   5 0.1543811E+03
   3 0.1544175E+03
   3 0.1508462E+03
   3 0.1541534E+03
   3 0.1541349E+03
   3 0.1546751E+03
   5 0.1545404E+03
   7 0.1540746E+03
   2 0.1544304E+03
   3 0.1542101E+03
   3 0.1550043E+03
   7 0.1539952E+03
   3 0.1546827E+03
   3 0.1548123E+03
   4 0.1543936E+03
   1 0.1544407E+03
   1 0.1543097E+03
   1 0.2350883E+02
   1 0.1546058E+03
   1 0.1474482E+03
   6 0.1543012E+03
   6 0.1543694E+03
   3 0.1544503E+03
   3 0.1546621E+03
   3 0.1548493E+03
   3 0.1548370E+03
   3 0.1538902E+03
   3 0.1534326E+03
   3 0.1545160E+03
   4 0.1547197E+03
   4 0.8804165E+02
   3 0.1507031E+03
   3 0.1542260E+03
   3 0.1548388E+03
   4 0.1537594E+03
   4 0.1543227E+03
   4 0.4619483E+02
   1 0.1546925E+03
   3 0.1543520E+03
   4 0.1541854E+03
   4 0.7007060E+02
   1 0.1546467E+03
   3 0.1542774E+03
   1 0.1544318E+03
   5 0.1546416E+03
   4 0.1540203E+03
   1 0.1547086E+03
   2 0.1551298E+03
   3 0.1541632E+03
   5 0.1545443E+03
   7 0.1542641E+03
   3 0.1543995E+03
   4 0.1546167E+03
   5 0.1550510E+03
   3 0.1542046E+03
   3 0.4885747E+02
   2 0.1546099E+03
   5 0.1537383E+03
   4 0.1541437E+03
   3 0.1542564E+03
   4 0.1544512E+03
   7 0.1543805E+03
   3 0.1548129E+03
   4 0.1548479E+03
   3 0.1537038E+03
   3 0.1178808E+03
   2 0.1545774E+03
   5 0.1539168E+03
   4 0.1538492E+03
   3 0.1543573E+03
   4 0.1549886E+03
   3 0.1542598E+03
   5 0.1538611E+03
   4 0.1215932E+03
   3 0.1546618E+03
   3 0.1545349E+03
   2 0.1541990E+03
   6 0.1545462E+03
   4 0.1539448E+03
   3 0.1542803E+03
   1 0.1549231E+03
   3 0.1538724E+03
   4 0.1546029E+03
   6 0.1549053E+03
   5 0.1538209E+03
   3 0.8120814E+02
   3 0.1548836E+03
   5 0.1543963E+03
   4 0.1542832E+03
   1 0.1545989E+03
   2 0.1542327E+03
   1 0.1146245E+03
   4 0.1536945E+03
   6 0.1540369E+03
   5 0.1542424E+03
   1 0.1543149E+03
   4 0.1548294E+03
   1 0.1530145E+03
   1 0.1213070E+03
   1 0.1547891E+03
   5 0.1543366E+03
   4 0.1541188E+03
   1 0.1542175E+03
   4 0.1545638E+03
   1 0.1546731E+03
   6 0.1540722E+03
   4 0.1537739E+03
   5 0.1538582E+03
   1 0.1548117E+03
   4 0.1546643E+03
   1 0.9604638E+02
   4 0.1546547E+03
   1 0.1538988E+03
   4 0.1111574E+03
   3 0.1544505E+03
   5 0.1541942E+03
   1 0.1515994E+03
   6 0.1535278E+03
   5 0.1866868E+02
   3 0.1543861E+03
   3 0.1118523E+03
   1 0.1544234E+03
   4 0.1542451E+03
   3 0.1541491E+03
   7 0.1546862E+03
   6 0.1542745E+03
   3 0.1546181E+03
   1 0.1539225E+03
   4 0.1539276E+03
   4 0.1326822E+03
   3 0.1548719E+03
   6 0.1550789E+03
   7 0.1382751E+03
   4 0.1531591E+03
   3 0.1329653E+03
   5 0.1541038E+03
   6 0.1033492E+03
   4 0.1551027E+03
   3 0.1547528E+03
   1 0.1544651E+03
   5 0.1466926E+03
   3 0.1543298E+03
   7 0.1548165E+03
   4 0.1541005E+03
   1 0.1544203E+03
   4 0.1545273E+03
   3 0.1542285E+03
   5 0.1079823E+03
   6 0.1539718E+03
   7 0.1546846E+03
   4 0.1549318E+03
   4 0.1536306E+03
   1 0.1510558E+03
   3 0.1529163E+03
   6 0.1546137E+03
   7 0.1543061E+03
   1 0.1548149E+03
   4 0.1540518E+03
   3 0.1545774E+03
   1 0.1539300E+03
   5 0.1541946E+03
   3 0.1544010E+03
   4 0.1540826E+03
   4 0.1534591E+03
   7 0.1544400E+03
   3 0.1540096E+03
   5 0.1541886E+03
   4 0.1549046E+03
   3 0.1545206E+03
   2 0.1546457E+03
   6 0.1536988E+03
   3 0.1538160E+03
   7 0.1543557E+03
   5 0.1542348E+03
   3 0.1540252E+03
   3 0.1549782E+03
   4 0.1534958E+03
   6 0.1542517E+03
   3 0.1542406E+03
   3 0.1546455E+03
   7 0.1541005E+03
   3 0.1541956E+03
   3 0.1553192E+03
   5 0.1541501E+03
   3 0.9938340E+01
   4 0.1545273E+03
   6 0.1539643E+03
   7 0.1541824E+03
   3 0.2201285E+02
   5 0.1541318E+03
   3 0.1549844E+03
   4 0.1539394E+03
   5 0.1542495E+03
   7 0.1544125E+03
   3 0.1543951E+03
   3 0.1540586E+03
   4 0.1539820E+03
   3 0.1542661E+03
   4 0.5449852E+02
   1 0.1544913E+03
   5 0.1539788E+03
   1 0.1545318E+03
   1 0.1546560E+03
   7 0.1537084E+03
   5 0.1539787E+03
   1 0.1539847E+03
   5 0.1546478E+03
   7 0.1545875E+03
   1 0.1537761E+03
   1 0.8677314E+02
   7 0.1542320E+03
   7 0.1549880E+03
   3 0.1549153E+03
   5 0.1537109E+03
   3 0.9270288E+02
   3 0.1538288E+03
   7 0.1537348E+03
   3 0.1548756E+03
   4 0.1548465E+03
   7 0.1548087E+03
   3 0.1542365E+03
   4 0.1548783E+03
   3 0.1316483E+03
   2 0.1548748E+03
   3 0.1452875E+03
   4 0.1539150E+03
   7 0.1540765E+03
   3 0.1548693E+03
   5 0.1540166E+03
   4 0.1535043E+03
   4 0.1546955E+03
   2 0.1542025E+03
   7 0.1548861E+03
   3 0.1542919E+03
   3 0.1536680E+03
   5 0.1535499E+03
   6 0.1544239E+03
   7 0.1546694E+03
   3 0.1544732E+03
   2 0.1542565E+03
   3 0.1540821E+03
   3 0.1545294E+03
   1 0.1545619E+03
   1 0.6745073E+02
   3 0.1547690E+03
   6 0.1543763E+03
   2 0.1547457E+03
   2 0.1076638E+03
   3 0.1544745E+03
   6 0.1539325E+03
   5 0.1542235E+03
   1 0.1540966E+03
   1 0.4927151E+02
   3 0.1541004E+03
   7 0.1546840E+03
   1 0.1542438E+03
   3 0.1547563E+03
   1 0.1551029E+03
   3 0.1536677E+03
   2 0.1544708E+03
   1 0.1542033E+03
   3 0.1547141E+03
   2 0.8063631E+02
   7 0.1540453E+03
   1 0.1535869E+03
   3 0.1541461E+03
   2 0.1539214E+03
   6 0.1541194E+03
   2 0.1402414E+02
   1 0.1537238E+03
   3 0.1541799E+03
   2 0.9445470E+02
   3 0.4062277E+02
   4 0.1547282E+03
   1 0.1538791E+03
   3 0.1549740E+03
   3 0.1544509E+03
   2 0.1546772E+03
   4 0.1538331E+03
   1 0.1543317E+03
   6 0.1549764E+03
   3 0.1540706E+03
   3 0.9074068E+02
   4 0.1544334E+03
   2 0.7494965E+02
   7 0.1541880E+03
   3 0.1550554E+03
   1 0.1546391E+03
   6 0.1546812E+03
   7 0.1543132E+03
   4 0.1541875E+03
   2 0.1549733E+03
   1 0.1539150E+03
   4 0.1539501E+03
   7 0.1544353E+03
   1 0.1544679E+03
   7 0.1553373E+03
   6 0.1541861E+03
   1 0.1536168E+03
   1 0.1541963E+03
   7 0.1543142E+03
   1 0.1544907E+03
   1 0.1542626E+03
   6 0.1542085E+03
   1 0.1552818E+03
   6 0.1541725E+03
   3 0.1545409E+03
   7 0.1545105E+03
   1 0.1540190E+03
   3 0.1533837E+03
   7 0.1546914E+03
   1 0.1548308E+03
   3 0.1546799E+03
   6 0.1542356E+03
   5 0.1544223E+03
   1 0.1548274E+03
   7 0.1542359E+03
   1 0.5110955E+02
   6 0.1544444E+03
   7 0.1548218E+03
   1 0.1541591E+03
   4 0.1547569E+03
   5 0.1549496E+03
   1 0.1543062E+03
   4 0.1536624E+03
   7 0.1063396E+03
   1 0.3445473E+02
   4 0.2231218E+02
   1 0.1538838E+03
   6 0.1541915E+03
   4 0.1542645E+03
   7 0.1542757E+03
   4 0.2735213E+02
   1 0.1536231E+03
   4 0.1546420E+03
   4 0.1542995E+03
   7 0.1543892E+03
   6 0.1542429E+03
   3 0.1545879E+03
   6 0.1552600E+03
   7 0.1536982E+03
   3 0.1548920E+03
   2 0.1547261E+03
   3 0.1543522E+03
   2 0.8450671E+02
   3 0.1546057E+03
   3 0.1550594E+03
   2 0.1542304E+03
   3 0.1548646E+03
   3 0.1544399E+03
   6 0.1543382E+03
   2 0.1545584E+03
   3 0.1538320E+03
   3 0.1540536E+03
   6 0.1543520E+03
   6 0.9536553E+02
   1 0.1548224E+03
   1 0.1547897E+03
   1 0.1539279E+03
   4 0.1547989E+03
   1 0.1538173E+03
   4 0.1543110E+03
   1 0.1547156E+03
   4 0.7917000E+02
   1 0.1544264E+03
   4 0.1544209E+03
   6 0.1537710E+03
   5 0.1541909E+03
   6 0.8163541E+02
   4 0.1542154E+03
   1 0.1540010E+03
   4 0.1550681E+03
   1 0.1548024E+03
   3 0.1545586E+03
   1 0.1539362E+03
   4 0.1542302E+03
   1 0.7917104E+02
   1 0.1544771E+03
   6 0.1543370E+03
   1 0.1549308E+03
   1 0.1546918E+03
   6 0.1536178E+03
   6 0.1551485E+03
   7 0.1546429E+03
   6 0.1547212E+03
   2 0.1549009E+03
   3 0.1547107E+03
   3 0.1539972E+03
   3 0.1545116E+03
   2 0.1543759E+03
   4 0.1546090E+03
   4 0.1355447E+03
   1 0.1544250E+03
   4 0.1544137E+03
   2 0.1540720E+03
   4 0.1547593E+03
   4 0.1547933E+03
   1 0.1538859E+03
   4 0.1546545E+03
   2 0.1541857E+03
   1 0.1545552E+03
   5 0.1545718E+03
   4 0.1547632E+03
   4 0.1542159E+03
   4 0.1201799E+02
   1 0.1546114E+03
   4 0.1542071E+03
   4 0.6468936E+02
   1 0.1535379E+03
   4 0.1545674E+03
   3 0.1547388E+03
   4 0.1547590E+03
   3 0.1542561E+03
   1 0.1540135E+03
   4 0.1544510E+03
   5 0.1516583E+03
   3 0.1550560E+03
   2 0.1534666E+03
   1 0.1544886E+03
   3 0.1543883E+03
   2 0.1547011E+03
   1 0.1539098E+03
   4 0.1539832E+03
   1 0.8210506E+02
   3 0.1534321E+03
   3 0.6309939E+02
   5 0.1545174E+03
   4 0.1493097E+03
   4 0.1549834E+03
   2 0.1547529E+03
   1 0.1545578E+03
   4 0.1542209E+03
   2 0.1544697E+03
   3 0.1538530E+03
   5 0.1539660E+03
   3 0.1547825E+03
   7 0.1545191E+03
   4 0.1548948E+03
   1 0.1541491E+03
   6 0.1546394E+03
   5 0.1550956E+03
   2 0.1540094E+03
   4 0.1537937E+03
   7 0.1543871E+03
   3 0.1541462E+03
   7 0.1476143E+03
   5 0.1547988E+03
   3 0.1541562E+03
   4 0.1542073E+03
   1 0.1545537E+03
   3 0.1493626E+03
   1 0.1542609E+03
   4 0.1544792E+03
   7 0.1547104E+03
   4 0.1541070E+03
   2 0.1539796E+03
   7 0.1551370E+03
   4 0.1542314E+03
   4 0.1548429E+03
   7 0.1548117E+03
   2 0.1541505E+03
   4 0.1543166E+03
   4 0.5449618E+02
   4 0.1537307E+03
   3 0.1545297E+03
   3 0.1546947E+03
   3 0.1252597E+03
   7 0.1540088E+03
   2 0.1544473E+03
   2 0.8274451E+02
   3 0.1544346E+03
   1 0.1543785E+03
   7 0.1538125E+03
   2 0.1540261E+03
   2 0.7578471E+02
   1 0.1543544E+03
   1 0.1549103E+03
   2 0.1542593E+03
   1 0.1539893E+03
   6 0.1546049E+03
   1 0.1542716E+03
   1 0.4237241E+02
   2 0.1548543E+03
   5 0.1544662E+03
   4 0.1549277E+03
   1 0.1542357E+03
   4 0.1549416E+03
   2 0.1543896E+03
   3 0.1547403E+03
   2 0.1411579E+03
   4 0.1541751E+03
   3 0.1544147E+03
   3 0.1550382E+03
   3 0.1542918E+03
   5 0.1541878E+03
   2 0.1540303E+03
   4 0.1539399E+03
   3 0.1549928E+03
   4 0.1547087E+03
   3 0.1538481E+03
   2 0.1544661E+03
   3 0.1546893E+03
   4 0.1538741E+03
   3 0.1543408E+03
   5 0.1541445E+03
   4 0.1548185E+03
   4 0.1548485E+03
   3 0.1539756E+03
   4 0.1377927E+03
   3 0.1543606E+03
   5 0.1546082E+03
   3 0.1540136E+03
   2 0.1539598E+03
   4 0.1550286E+03
   1 0.1547013E+03
   7 0.1542499E+03
   2 0.1541267E+03
   1 0.1537021E+03
   1 0.1541405E+03
   1 0.1554133E+03
   2 0.1542162E+03
   1 0.1536072E+03
   1 0.6887300E+02
   6 0.1546111E+03
   2 0.1545695E+03
   1 0.1547182E+03
   6 0.1546987E+03
   3 0.1544343E+03
   3 0.1547445E+03
   1 0.1536044E+03
   6 0.1545809E+03
   3 0.1542572E+03
   1 0.9663406E+02
   2 0.1540623E+03
   1 0.1541878E+03
   4 0.1544479E+03
   6 0.1539603E+03
   3 0.1543550E+03
   4 0.1547664E+03
   2 0.1536037E+03
   6 0.1540636E+03
   6 0.1373492E+03
   2 0.1542132E+03
   2 0.1539489E+03
   6 0.1539893E+03
   2 0.1539570E+03
   5 0.1542798E+03
   3 0.1543789E+03
   2 0.1540390E+03
   6 0.1545755E+03
   3 0.1537856E+03
   7 0.1542294E+03
   2 0.1546583E+03
   5 0.1541606E+03
   3 0.1548320E+03
   1 0.1544528E+03
   3 0.1542315E+03
   7 0.1548974E+03
   2 0.1544133E+03
   5 0.1547766E+03
   1 0.1540010E+03
   4 0.1547972E+03
   4 0.5699934E+02
   1 0.1550816E+03
   3 0.1541352E+03
   1 0.8015298E+02
   4 0.1542284E+03
   4 0.1546849E+03
   1 0.1542453E+03
   4 0.1493614E+03
   7 0.1539594E+03
   4 0.1547605E+03
   4 0.1148026E+03
   7 0.1535819E+03
   4 0.1542560E+03
   4 0.1538185E+03
   4 0.1542127E+03
   7 0.1542355E+03
   4 0.1547933E+03
   7 0.1552804E+03
   3 0.1549192E+03
   4 0.1542359E+03
   3 0.1544577E+03
   4 0.1543040E+03
   7 0.1543107E+03
   4 0.1538541E+03
   4 0.1545261E+03
   1 0.1544329E+03
   4 0.1536711E+03
   1 0.1548968E+03
   4 0.1552750E+03
   4 0.1547751E+03
   1 0.1543934E+03
   7 0.1539411E+03
   1 0.1545888E+03
   6 0.1545725E+03
   1 0.1141734E+03
   7 0.1546726E+03
   4 0.1538880E+03
   1 0.1540099E+03
   1 0.1550963E+03
   7 0.1545322E+03
   3 0.1546176E+03
   6 0.1537388E+03
   7 0.8865223E+02
   4 0.1544775E+03
   3 0.1544139E+03
   1 0.1543255E+03
   4 0.1549074E+03
   5 0.1547559E+03
   2 0.1539956E+03
   2 0.1075515E+03
   5 0.2916838E+02
   1 0.1545108E+03
   4 0.1544331E+03
   3 0.1533957E+03
   2 0.1419043E+03
   4 0.1550041E+03
   3 0.1536140E+03
   3 0.1547222E+03
   2 0.1543522E+03
   5 0.1540576E+03
   2 0.1536910E+03
   1 0.1528637E+03
   3 0.1545303E+03
   3 0.1545914E+03
   2 0.1548399E+03
   2 0.6297484E+01
   3 0.1549627E+03
   1 0.1544598E+03
   3 0.1542251E+03
   2 0.1548574E+03
   5 0.1537230E+03
   5 0.5802731E+02
   1 0.1536525E+03
   1 0.1552277E+03
   1 0.1540431E+03
   1 0.1537038E+03
   1 0.1543782E+03
   4 0.1548281E+03
   5 0.1541165E+03
   1 0.1545038E+03
   4 0.1544108E+03
   1 0.1064921E+03
   3 0.1544891E+03
   1 0.1532636E+03
   3 0.1543499E+03
   3 0.9093500E+02
   1 0.1536111E+03
   5 0.1540348E+03
   3 0.1540210E+03
   3 0.1548506E+03
   3 0.1546067E+03
   5 0.1535424E+03
   6 0.1546733E+03
   3 0.1545324E+03
   7 0.1546800E+03
   3 0.6948687E+02
   3 0.1543708E+03
   5 0.1537274E+03
   6 0.1542153E+03
   7 0.1545409E+03
   3 0.1539382E+03
   3 0.1538997E+03
   6 0.1541540E+03
   3 0.1542241E+03
   7 0.1541661E+03
   5 0.1543684E+03
   6 0.1545433E+03
   7 0.1525052E+03
   4 0.1547153E+03
   5 0.1543873E+03
   2 0.1543304E+03
   4 0.2942609E+02
   6 0.1547967E+03
   4 0.1547103E+03
   5 0.1536324E+03
   1 0.1548557E+03
   4 0.1541577E+03
   1 0.1549671E+03
   6 0.1541237E+03
   1 0.1252335E+03
   2 0.1541227E+03
   1 0.1549053E+03
   5 0.1213037E+03
   1 0.1410496E+03
   4 0.1542455E+03
   4 0.1540477E+03
   6 0.1541876E+03
   5 0.1547668E+03
   5 0.2478087E+02
   2 0.1539660E+03
   3 0.1543775E+03
   3 0.1548275E+03
   3 0.8529370E+01
   2 0.1548037E+03
   3 0.1543202E+03
   6 0.1545983E+03
   5 0.1544972E+03
   3 0.1545071E+03
   6 0.6562976E+02
   5 0.1542227E+03
   3 0.1542667E+03
   6 0.1544475E+03
   6 0.3631122E+02
   5 0.1541398E+03
   6 0.5309134E+02
   2 0.1540742E+03
   6 0.1541858E+03
   1 0.1550238E+03
   4 0.1548290E+03
   6 0.1545263E+03
   5 0.1543775E+03
   4 0.1047660E+03
   1 0.1539390E+03
   7 0.1547924E+03
   1 0.1541463E+03
   6 0.1544499E+03
   1 0.1536082E+03
   4 0.1534407E+03
   3 0.1544353E+03
   4 0.1556643E+03
   3 0.1545006E+03
   1 0.1341939E+03
   6 0.6559618E+02
   3 0.1540351E+03
   1 0.1541063E+03
   5 0.1543666E+03
   3 0.1012561E+03
   3 0.1548934E+03
   1 0.1547395E+03
   3 0.9253660E+02
   7 0.1542938E+03
   3 0.1542672E+03
   5 0.1533572E+03
   3 0.1547169E+03
   6 0.1538945E+03
   7 0.1549017E+03
   1 0.1543224E+03
   5 0.1550971E+03
   3 0.1540946E+03
   3 0.4853052E+02
   3 0.1284624E+03
   6 0.1539700E+03
   7 0.1539498E+03
   1 0.1540204E+03
   5 0.1546928E+03
   6 0.1543093E+03
   3 0.1541306E+03
   5 0.1193588E+03
   7 0.1543768E+03
   6 0.1544783E+03
   3 0.1543295E+03
   3 0.1063175E+03
   3 0.1544077E+03
   3 0.1541294E+03
   5 0.1544869E+03
   3 0.1546668E+03
   3 0.1534166E+03
   5 0.1537158E+03
   3 0.1540697E+03
   4 0.1544060E+03
   4 0.1554473E+03
   2 0.1544202E+03
   3 0.1541282E+03
   3 0.1549276E+03
   3 0.1545930E+03
   4 0.1540165E+03
   3 0.1542332E+03
   2 0.1548722E+03
   3 0.1220355E+03
   4 0.1552274E+03
   2 0.4556149E+02
   3 0.1543748E+03
   4 0.1538095E+03
   4 0.1551007E+03
   1 0.1547362E+03
   3 0.1543242E+03
   2 0.1549226E+03
   3 0.1544852E+03
   4 0.1535298E+03
   1 0.1547037E+03
   4 0.1257755E+03
   1 0.1541279E+03
   2 0.1536987E+03
   4 0.5976238E+02
   3 0.1543176E+03
   3 0.1546468E+03
   1 0.1541953E+03
   4 0.1547681E+03
   4 0.4968080E+02
   1 0.3867948E+02
   1 0.3493771E+02
   3 0.1543875E+03
   1 0.1545472E+03
   3 0.1541847E+03
   3 0.1545941E+03
   1 0.1540461E+03
   3 0.1540862E+03
   1 0.1538704E+03
   3 0.1538316E+03
   3 0.1542880E+03
   1 0.1537555E+03
   3 0.1549224E+03
   3 0.1546747E+03
   1 0.1544804E+03
   3 0.1544617E+03
   3 0.1534300E+03
   1 0.1544599E+03
   3 0.1537657E+03
   1 0.1514218E+03
   7 0.1548582E+03
   6 0.1545192E+03
   1 0.1547170E+03
   3 0.1548166E+03
   3 0.1544782E+03
   7 0.1548474E+03
   3 0.1546505E+03
   1 0.1543533E+03
   1 0.9015284E+02
   3 0.1541476E+03
   4 0.1543715E+03
   3 0.1540838E+03
   1 0.1539826E+03
   5 0.1545789E+03
   4 0.1544316E+03
   5 0.3072879E+02
   3 0.1544045E+03
   4 0.1534737E+03
   3 0.1545279E+03
   5 0.1549944E+03
   2 0.1544447E+03
   1 0.1547834E+03
   6 0.1544661E+03
   7 0.1547129E+03
