   2 0.2775862E+02
   1 0.2729052E+02
   3 0.2779267E+02
   2 0.2925814E+02
   3 0.2888864E+02
   1 0.2788708E+02
   2 0.2896614E+02
   3 0.2849021E+02
   1 0.2889544E+02
   3 0.2835952E+02
   2 0.2760553E+02
   1 0.2703160E+02
   2 0.2874601E+02
   1 0.2845767E+02
   3 0.2728989E+02
   2 0.2704564E+02
   1 0.2760026E+02
   3 0.2815602E+02
   2 0.2789242E+02
   1 0.2759355E+02
   3 0.2832443E+02
   2 0.2689859E+02
   3 0.2865247E+02
   3 0.2863008E+02
   1 0.2852677E+02
   2 0.2717495E+02
   3 0.2775641E+02
   1 0.2799895E+02
   2 0.2812567E+02
   3 0.2744759E+02
   1 0.2779069E+02
   2 0.2771504E+02
   3 0.2895797E+02
   1 0.2735311E+02
   2 0.2780585E+02
   3 0.2763743E+02
   1 0.2664277E+02
   2 0.2786262E+02
   3 0.2771336E+02
   1 0.2806918E+02
   2 0.2781420E+02
   3 0.2770214E+02
   1 0.2792625E+02
   2 0.2768844E+02
   3 0.2795652E+02
   3 0.2973668E+02
   2 0.2758976E+02
   1 0.2740258E+02
   3 0.2742907E+02
   2 0.2822772E+02
   1 0.2748348E+02
   1 0.2911833E+02
   3 0.2859417E+02
   2 0.2712850E+02
   1 0.2804348E+02
   3 0.2684569E+02
   2 0.2719785E+02
   1 0.2723007E+02
   1 0.2902517E+02
   3 0.2806675E+02
   2 0.2708050E+02
   1 0.2849387E+02
   3 0.2767485E+02
   2 0.2803891E+02
   1 0.2691009E+02
   3 0.2789043E+02
   2 0.2702228E+02
   1 0.2752995E+02
   3 0.2792054E+02
   2 0.2888333E+02
   1 0.2762228E+02
   3 0.2730161E+02
   2 0.2774210E+02
   1 0.2805476E+02
   3 0.2714953E+02
   2 0.2767998E+02
   1 0.2853028E+02
   1 0.2850996E+02
   3 0.2777057E+02
   2 0.2805417E+02
   1 0.2826376E+02
   3 0.2781237E+02
   2 0.2760805E+02
   1 0.2790315E+02
   3 0.2723193E+02
   2 0.2851488E+02
   1 0.2823662E+02
   3 0.2776471E+02
   2 0.2793090E+02
   1 0.2814957E+02
   3 0.2711774E+02
   2 0.2868560E+02
   1 0.2821800E+02
   3 0.2714082E+02
   2 0.2817510E+02
   1 0.2771578E+02
   3 0.2763988E+02
   2 0.2785484E+02
   3 0.2814085E+02
   1 0.2801648E+02
   2 0.2838993E+02
   3 0.2782341E+02
   1 0.2761962E+02
   2 0.2870026E+02
   3 0.2796165E+02
   1 0.2764081E+02
   2 0.2793885E+02
   3 0.2807751E+02
   1 0.2844411E+02
   2 0.2723759E+02
   3 0.2720730E+02
   1 0.2872092E+02
   2 0.2777853E+02
   3 0.2698060E+02
   1 0.2804977E+02
   2 0.2791267E+02
   3 0.2697223E+02
   1 0.2869835E+02
   2 0.2809073E+02
   1 0.2744701E+02
   3 0.2778773E+02
   2 0.2760300E+02
   3 0.2746106E+02
   1 0.2817616E+02
   2 0.2690463E+02
   2 0.2878018E+02
   3 0.2710031E+02
   1 0.2741400E+02
   2 0.2772146E+02
   2 0.3037279E+02
   3 0.2729839E+02
   1 0.2702871E+02
   2 0.2846491E+02
   3 0.2750787E+02
   1 0.2725130E+02
   2 0.2814409E+02
   3 0.2820522E+02
   1 0.2806077E+02
   2 0.2743654E+02
   3 0.2806212E+02
   1 0.2742444E+02
   2 0.2978304E+02
   3 0.2874717E+02
   1 0.2770779E+02
   2 0.2776309E+02
   3 0.2844036E+02
   1 0.2719993E+02
   2 0.2768212E+02
   3 0.2759459E+02
   1 0.2775131E+02
   2 0.2806235E+02
   3 0.2742211E+02
   2 0.2847746E+02
   1 0.2813836E+02
   3 0.2791203E+02
   2 0.2776159E+02
   1 0.2734896E+02
   3 0.2832635E+02
   2 0.2739861E+02
   1 0.2724963E+02
   3 0.2728997E+02
   2 0.2840964E+02
   1 0.2853421E+02
   3 0.2830189E+02
   2 0.2841513E+02
   1 0.2688233E+02
   3 0.2759254E+02
   2 0.2794770E+02
   1 0.2747171E+02
   3 0.2820003E+02
   2 0.2744904E+02
   1 0.2750741E+02
   3 0.2797317E+02
   2 0.2717682E+02
   1 0.2842685E+02
   3 0.2795734E+02
   2 0.2716090E+02
   1 0.2710227E+02
   3 0.2755158E+02
   2 0.2776039E+02
   1 0.2848015E+02
   3 0.2768027E+02
   2 0.2726914E+02
   1 0.2714927E+02
   3 0.2787073E+02
   2 0.2814930E+02
   1 0.2839581E+02
   3 0.2764332E+02
   2 0.2801771E+02
   1 0.2754592E+02
   2 0.2948684E+02
   2 0.2778279E+02
   3 0.2829893E+02
   1 0.2821803E+02
   2 0.2750164E+02
   3 0.2783657E+02
   1 0.2772437E+02
   2 0.2827910E+02
   3 0.2849260E+02
   1 0.2758558E+02
   2 0.2651867E+02
   3 0.2774859E+02
   1 0.2735193E+02
   2 0.2725751E+02
   3 0.2775566E+02
   3 0.2704468E+02
   1 0.2855982E+02
   2 0.2779712E+02
   3 0.2799890E+02
   1 0.2839665E+02
   2 0.2801986E+02
   3 0.2753628E+02
   1 0.2714156E+02
   2 0.2757232E+02
   3 0.2675905E+02
   1 0.2815760E+02
   1 0.2698836E+02
   2 0.2766093E+02
   3 0.2743693E+02
   1 0.2817678E+02
   2 0.2821363E+02
   3 0.2794345E+02
   1 0.2797563E+02
   2 0.2729634E+02
   3 0.2840875E+02
   1 0.2718442E+02
   2 0.2810648E+02
   3 0.2809179E+02
   1 0.2783670E+02
   2 0.2743186E+02
   3 0.2741426E+02
   1 0.2810479E+02
   2 0.2746839E+02
   3 0.2836718E+02
   1 0.2761079E+02
   2 0.2744431E+02
   3 0.2866072E+02
   1 0.2742748E+02
   2 0.2782752E+02
   3 0.2731757E+02
   1 0.2751814E+02
   2 0.2800742E+02
   3 0.2783044E+02
   1 0.2744945E+02
   2 0.2821021E+02
   3 0.2921642E+02
   1 0.2801629E+02
   2 0.2854022E+02
   2 0.2888342E+02
   3 0.2788823E+02
   1 0.2793270E+02
   2 0.2720186E+02
   3 0.2712464E+02
   1 0.2772812E+02
   2 0.2780964E+02
   3 0.2729475E+02
   1 0.3011880E+02
   2 0.2774364E+02
   3 0.2764965E+02
   1 0.2812121E+02
   2 0.2836451E+02
   3 0.2863143E+02
   1 0.2701212E+02
   2 0.2719296E+02
   3 0.2822386E+02
   1 0.2740602E+02
   2 0.2743422E+02
   3 0.2796296E+02
   1 0.2797565E+02
   2 0.2838416E+02
   3 0.2845714E+02
   1 0.2765093E+02
   3 0.2901925E+02
   2 0.2804091E+02
   1 0.2705360E+02
   3 0.2803548E+02
   2 0.2919168E+02
   1 0.2773904E+02
   3 0.2723035E+02
   2 0.2670013E+02
   1 0.2778563E+02
   3 0.2721774E+02
   1 0.2849302E+02
   2 0.2752185E+02
   1 0.2775497E+02
   3 0.2814713E+02
   2 0.2775988E+02
   1 0.2707545E+02
   2 0.2731615E+02
   3 0.2844741E+02
   1 0.2736900E+02
   1 0.2877635E+02
   2 0.2802968E+02
   3 0.2725683E+02
   1 0.2674737E+02
   2 0.2801130E+02
   3 0.2758858E+02
   2 0.2979611E+02
   1 0.2737655E+02
   3 0.2749987E+02
   2 0.2855207E+02
   1 0.2784386E+02
   3 0.2806459E+02
   2 0.2821745E+02
   1 0.2864920E+02
   3 0.2796879E+02
   2 0.2737860E+02
   1 0.2788024E+02
   3 0.2709838E+02
   2 0.2783630E+02
   1 0.2764173E+02
   3 0.2745130E+02
   2 0.2701947E+02
   1 0.2728382E+02
   3 0.2714874E+02
   2 0.2744313E+02
   1 0.2958961E+02
   3 0.2748343E+02
   2 0.2674749E+02
   1 0.2784690E+02
   3 0.2811057E+02
   2 0.2784294E+02
   1 0.2902837E+02
   3 0.2768146E+02
   2 0.2784934E+02
   1 0.2759341E+02
   3 0.2779870E+02
   2 0.2841556E+02
   1 0.2850876E+02
   3 0.2761707E+02
   2 0.2779823E+02
   1 0.2792937E+02
   1 0.2518756E+02
   3 0.2722053E+02
   2 0.2794138E+02
   1 0.2785330E+02
   3 0.2808449E+02
   2 0.2816341E+02
   1 0.2724216E+02
   3 0.2732162E+02
   2 0.2712963E+02
   1 0.2774324E+02
   3 0.2876440E+02
   2 0.2798525E+02
   2 0.2866375E+02
   1 0.2792787E+02
   3 0.2737500E+02
   3 0.2785849E+02
   2 0.2767239E+02
   1 0.2775745E+02
   3 0.2809267E+02
   2 0.2758862E+02
   1 0.2800565E+02
   3 0.2759204E+02
   2 0.2752516E+02
   1 0.2694233E+02
   3 0.2803564E+02
   2 0.2764570E+02
   1 0.2805202E+02
   3 0.2831777E+02
   2 0.2883276E+02
   1 0.2808383E+02
   3 0.2812456E+02
   2 0.2736316E+02
   1 0.2803084E+02
   3 0.2744260E+02
   2 0.2676437E+02
   1 0.2799745E+02
   3 0.2824684E+02
   2 0.2784311E+02
   1 0.2782368E+02
   3 0.2768317E+02
   2 0.2780944E+02
   1 0.2744768E+02
   3 0.2819525E+02
   2 0.2826640E+02
   3 0.2980178E+02
   1 0.2718386E+02
   2 0.2774433E+02
   3 0.2748197E+02
   1 0.2841779E+02
   2 0.2714944E+02
   3 0.2794856E+02
   1 0.2721355E+02
   1 0.2720556E+02
   2 0.2771801E+02
   3 0.2723300E+02
   1 0.2801626E+02
   2 0.2774278E+02
   3 0.2797029E+02
   1 0.2707295E+02
   2 0.2764906E+02
   3 0.2688037E+02
   1 0.2809959E+02
   2 0.2840572E+02
   3 0.2740581E+02
   1 0.2779262E+02
   2 0.2836572E+02
   3 0.2829326E+02
   1 0.2837871E+02
   2 0.2720647E+02
   3 0.2726488E+02
   1 0.2874724E+02
   2 0.2751365E+02
   3 0.2832020E+02
   1 0.2760678E+02
   2 0.2838320E+02
   3 0.2750809E+02
   2 0.2890001E+02
   1 0.2814632E+02
   3 0.2791660E+02
   2 0.2754156E+02
   1 0.2759935E+02
   3 0.2804043E+02
   2 0.2746262E+02
   1 0.2790603E+02
   3 0.2796092E+02
   2 0.2738449E+02
   1 0.2766126E+02
   3 0.2819759E+02
   2 0.2799387E+02
   1 0.2778493E+02
   3 0.2819766E+02
   2 0.2780658E+02
   1 0.2812245E+02
   3 0.2709514E+02
   2 0.2675736E+02
   1 0.2820305E+02
   3 0.2815014E+02
   2 0.2774516E+02
   1 0.2782190E+02
   3 0.2808704E+02
   2 0.2777714E+02
   1 0.2881538E+02
   3 0.2753430E+02
   2 0.2746342E+02
   1 0.2735400E+02
   3 0.2822672E+02
   2 0.2784900E+02
   1 0.2857177E+02
   3 0.2795136E+02
   2 0.2791362E+02
   1 0.2766415E+02
   3 0.2814772E+02
   2 0.2755638E+02
   1 0.2766282E+02
   3 0.2778110E+02
   2 0.2697917E+02
   2 0.2962410E+02
   1 0.2880156E+02
   1 0.2825936E+02
   3 0.2835223E+02
   2 0.2794794E+02
   1 0.2761361E+02
   3 0.2773044E+02
   2 0.2844545E+02
   1 0.2798314E+02
   3 0.2811508E+02
   2 0.2769955E+02
   1 0.2817632E+02
   3 0.2731666E+02
   2 0.2765218E+02
   1 0.2690296E+02
   3 0.2747533E+02
   2 0.2831987E+02
   1 0.2739831E+02
   3 0.2686832E+02
   2 0.2750931E+02
   1 0.2775819E+02
   3 0.2783540E+02
   2 0.2684358E+02
   1 0.2748062E+02
   3 0.2794719E+02
   2 0.2816108E+02
   1 0.2737524E+02
   3 0.2767367E+02
   2 0.2755129E+02
   1 0.2758607E+02
   3 0.2814525E+02
   2 0.2848715E+02
   1 0.2738049E+02
   3 0.2882625E+02
   2 0.2763142E+02
   1 0.2830939E+02
   3 0.2752144E+02
   2 0.2859436E+02
   1 0.2747565E+02
   3 0.2710081E+02
   2 0.2876716E+02
   1 0.2815145E+02
   3 0.2733289E+02
   2 0.2758162E+02
   3 0.2902710E+02
   1 0.2783309E+02
   2 0.2682853E+02
   3 0.2800870E+02
   1 0.2759053E+02
   2 0.2843979E+02
   3 0.2701879E+02
   1 0.2895715E+02
   2 0.2798157E+02
   1 0.2770312E+02
   3 0.2811077E+02
   2 0.2784803E+02
   1 0.2745222E+02
   3 0.2840539E+02
   2 0.2759183E+02
   1 0.2730167E+02
   3 0.2765218E+02
   2 0.2737612E+02
   1 0.2788064E+02
   3 0.2765098E+02
   2 0.2810687E+02
   1 0.2870749E+02
   3 0.2775150E+02
   2 0.2735073E+02
   2 0.2842204E+02
   1 0.2754115E+02
   3 0.2757588E+02
   2 0.2823865E+02
   1 0.2760328E+02
   3 0.2749452E+02
   2 0.2750038E+02
   1 0.2792211E+02
   3 0.2866307E+02
   2 0.2806782E+02
   3 0.2769868E+02
   1 0.2721889E+02
   3 0.2815127E+02
   2 0.2760260E+02
   1 0.2827448E+02
   3 0.2767337E+02
   2 0.2772643E+02
   1 0.2810543E+02
   3 0.2780066E+02
   2 0.2797656E+02
   1 0.2786115E+02
   3 0.2911069E+02
   2 0.2822107E+02
   1 0.2794265E+02
   3 0.2824760E+02
   2 0.2696547E+02
   1 0.2774643E+02
   3 0.2741976E+02
   2 0.2774421E+02
   1 0.2784597E+02
   3 0.2785393E+02
   2 0.2776888E+02
   1 0.2751046E+02
   3 0.2723628E+02
   2 0.2786564E+02
   1 0.2691071E+02
   3 0.2776887E+02
   2 0.2789355E+02
   1 0.2806322E+02
   3 0.2781091E+02
   2 0.2784365E+02
   1 0.2812180E+02
   3 0.2856495E+02
   2 0.2818196E+02
   2 0.2846271E+02
   1 0.2791082E+02
   3 0.2751423E+02
   2 0.2722302E+02
   1 0.2786164E+02
   3 0.2739802E+02
   2 0.2862498E+02
   1 0.2780240E+02
   3 0.2768213E+02
   3 0.2760914E+02
   2 0.2727542E+02
   1 0.2834896E+02
   3 0.2794230E+02
   2 0.2818193E+02
   1 0.2630525E+02
   3 0.2752118E+02
   2 0.2710913E+02
   1 0.2824606E+02
   3 0.2801404E+02
   3 0.2948127E+02
   2 0.2782473E+02
   1 0.2705215E+02
   3 0.2827902E+02
   2 0.2805833E+02
   1 0.2795639E+02
   3 0.2768063E+02
   2 0.2802296E+02
   1 0.2772353E+02
   3 0.2795371E+02
   2 0.2823649E+02
   1 0.2729493E+02
   3 0.2774435E+02
   2 0.2863337E+02
   1 0.2775245E+02
   3 0.2709877E+02
   2 0.2740290E+02
   1 0.2735311E+02
   3 0.2751152E+02
   2 0.2839021E+02
   3 0.2900827E+02
   1 0.2803025E+02
   2 0.2754472E+02
   3 0.2890439E+02
   1 0.2763283E+02
   2 0.2784931E+02
   3 0.2726444E+02
   1 0.2734118E+02
   2 0.2820687E+02
   3 0.2800732E+02
   1 0.2700538E+02
   2 0.2788001E+02
   3 0.2736708E+02
   3 0.2819529E+02
   1 0.2815299E+02
   2 0.2743043E+02
   3 0.2646976E+02
   1 0.2837416E+02
   2 0.2754096E+02
   3 0.2798273E+02
   1 0.2744016E+02
   2 0.2772366E+02
   3 0.2769650E+02
   1 0.2693254E+02
   2 0.2800836E+02
   3 0.2767532E+02
   1 0.2788451E+02
   2 0.2761086E+02
   2 0.2856733E+02
   3 0.2747732E+02
   1 0.2762019E+02
   2 0.2741812E+02
   3 0.2766743E+02
   1 0.2735801E+02
   2 0.2779275E+02
   3 0.2826293E+02
   1 0.2729585E+02
   3 0.2764115E+02
   2 0.2807435E+02
   1 0.2835222E+02
   3 0.2838678E+02
   2 0.2793268E+02
   1 0.2866808E+02
   3 0.2878504E+02
   2 0.2718812E+02
   1 0.2752768E+02
   3 0.2810756E+02
   2 0.2821369E+02
   1 0.2834247E+02
   3 0.2839367E+02
   2 0.2775141E+02
   1 0.2787089E+02
   2 0.2722536E+02
   3 0.2752993E+02
   1 0.2715913E+02
   2 0.2767446E+02
   3 0.2744315E+02
   1 0.2822182E+02
   1 0.2888843E+02
   2 0.2726666E+02
   3 0.2725284E+02
   1 0.2782472E+02
   3 0.2790122E+02
   2 0.2722750E+02
   1 0.2824799E+02
   3 0.2783704E+02
   2 0.2720737E+02
   1 0.2809185E+02
   3 0.2777418E+02
   2 0.2729565E+02
   1 0.2754204E+02
   3 0.2811712E+02
   2 0.2742475E+02
   1 0.2784958E+02
   3 0.2787275E+02
   2 0.2751273E+02
   1 0.2750768E+02
   3 0.2797826E+02
   2 0.2765647E+02
   1 0.2831652E+02
   3 0.2744321E+02
   2 0.2775203E+02
   1 0.2801149E+02
   1 0.2718756E+02
   3 0.2709007E+02
   1 0.3021060E+02
   2 0.2818183E+02
   3 0.2798506E+02
   1 0.2787382E+02
   2 0.2839366E+02
   2 0.2847848E+02
   3 0.2821762E+02
   1 0.2726752E+02
   2 0.2791092E+02
   3 0.2782779E+02
   1 0.2909065E+02
   2 0.2752989E+02
   3 0.2782421E+02
   1 0.2781510E+02
   1 0.2796339E+02
   2 0.2788440E+02
   3 0.2808031E+02
   1 0.2771088E+02
   2 0.2711246E+02
   3 0.2822504E+02
   1 0.2796826E+02
   2 0.2917349E+02
   3 0.2749405E+02
   1 0.2738725E+02
   2 0.2848840E+02
   3 0.2724942E+02
   1 0.2831434E+02
   2 0.2730808E+02
   1 0.2114627E+02
   3 0.2777059E+02
   2 0.2798556E+02
   1 0.2834906E+02
   3 0.2753941E+02
   2 0.2788295E+02
   1 0.2901266E+02
   2 0.2828070E+02
   3 0.2737582E+02
   1 0.2822320E+02
   2 0.2841248E+02
   3 0.2746717E+02
   2 0.2722592E+02
   1 0.2833813E+02
   3 0.2874085E+02
   1 0.2843727E+02
   2 0.2737799E+02
   3 0.2742527E+02
   3 0.2843977E+02
   3 0.2909744E+02
   1 0.2822543E+02
   2 0.2752788E+02
   3 0.2766570E+02
   1 0.2748233E+02
   2 0.2799700E+02
   3 0.2716312E+02
   1 0.2729200E+02
   2 0.2756514E+02
   3 0.2777305E+02
   1 0.2757970E+02
   2 0.2744290E+02
   3 0.2746156E+02
   1 0.2747958E+02
   2 0.2699592E+02
   1 0.2318408E+02
   3 0.2778696E+02
   2 0.2821178E+02
   1 0.2790552E+02
   3 0.2802629E+02
   3 0.2903861E+02
   2 0.2767891E+02
   1 0.2793482E+02
   3 0.2823249E+02
   2 0.2762164E+02
   3 0.2855881E+02
   1 0.2810893E+02
   1 0.2685530E+02
   2 0.2675230E+02
   3 0.2806652E+02
   1 0.2720139E+02
   2 0.2788585E+02
   3 0.2817383E+02
   1 0.2794476E+02
   2 0.2772308E+02
   3 0.2740599E+02
   1 0.2737639E+02
   2 0.2888541E+02
   3 0.2778865E+02
   1 0.2789091E+02
   2 0.2703951E+02
   3 0.2876210E+02
   1 0.2791456E+02
   2 0.2822734E+02
   3 0.2790664E+02
   1 0.2781510E+02
   2 0.2737239E+02
   3 0.2702744E+02
   2 0.2816055E+02
   1 0.2681980E+02
   3 0.2831264E+02
   2 0.2717800E+02
   1 0.2668521E+02
   3 0.2672295E+02
   2 0.2774625E+02
   1 0.2783349E+02
   3 0.2754290E+02
   2 0.2867153E+02
   2 0.2849035E+02
   1 0.2795593E+02
   1 0.2864410E+02
   3 0.2928504E+02
   2 0.2781695E+02
   1 0.2852086E+02
   3 0.2756012E+02
   2 0.2760666E+02
   1 0.2708921E+02
   3 0.2763119E+02
   2 0.2763810E+02
   1 0.2820704E+02
   3 0.2821078E+02
   2 0.2776012E+02
   2 0.2842855E+02
   1 0.2801573E+02
   2 0.2904759E+02
   3 0.2786130E+02
   1 0.2905518E+02
   2 0.2889803E+02
   3 0.2829471E+02
   1 0.2777127E+02
   2 0.2758668E+02
   3 0.2810387E+02
   2 0.2828881E+02
   1 0.2764367E+02
   3 0.2822802E+02
   3 0.3005757E+02
   2 0.2785696E+02
   1 0.2798882E+02
   3 0.2827314E+02
   2 0.2793586E+02
   1 0.2843176E+02
   3 0.2775718E+02
   2 0.2779071E+02
   1 0.2677865E+02
   3 0.2844524E+02
   2 0.2853959E+02
   1 0.2858119E+02
   3 0.2850854E+02
   2 0.2843194E+02
   1 0.2850820E+02
   3 0.2832875E+02
   2 0.2786497E+02
   1 0.2822284E+02
   2 0.6128684E+01
   3 0.2743018E+02
   1 0.2766267E+02
   2 0.2821304E+02
   3 0.2835125E+02
   1 0.2876184E+02
   2 0.2739990E+02
   3 0.2858468E+02
   2 0.2785256E+02
   1 0.2766864E+02
   3 0.2695124E+02
   2 0.2734212E+02
   1 0.2725083E+02
   3 0.2770569E+02
   2 0.2854464E+02
   1 0.2808692E+02
   3 0.2752275E+02
   2 0.2771985E+02
   1 0.2787814E+02
   3 0.2846029E+02
   1 0.2818203E+02
   2 0.2784100E+02
   3 0.2822449E+02
   1 0.2778404E+02
   2 0.2805131E+02
   3 0.2731440E+02
   1 0.2789891E+02
   2 0.2783849E+02
   3 0.2799041E+02
   1 0.2838390E+02
   2 0.2762155E+02
   3 0.2776408E+02
   1 0.2735719E+02
   2 0.2811609E+02
   3 0.2845440E+02
   1 0.2779898E+02
   2 0.2678982E+02
   3 0.2808905E+02
   1 0.2752343E+02
   2 0.2762000E+02
   3 0.2762091E+02
   1 0.2732131E+02
   2 0.2765674E+02
   3 0.2845253E+02
   1 0.2806061E+02
   2 0.2821292E+02
   3 0.2696666E+02
   1 0.2874474E+02
   2 0.2753986E+02
   3 0.2763471E+02
   2 0.2939515E+02
   1 0.2632999E+02
   3 0.2882679E+02
   2 0.2816728E+02
   1 0.2766742E+02
   3 0.2760451E+02
   2 0.2764506E+02
   1 0.2848234E+02
   3 0.2861375E+02
   2 0.2759803E+02
   1 0.2861101E+02
   3 0.2808945E+02
   2 0.2799435E+02
   1 0.2796147E+02
   3 0.2736682E+02
   2 0.2828845E+02
   1 0.2774579E+02
   3 0.2809088E+02
   2 0.2724041E+02
   2 0.2834317E+02
   1 0.2791504E+02
   3 0.2827093E+02
   1 0.2916577E+02
   2 0.2738232E+02
   3 0.2767193E+02
   1 0.2814270E+02
   2 0.2826708E+02
   3 0.2751585E+02
   1 0.2741376E+02
   2 0.2748490E+02
   3 0.2698189E+02
   1 0.2749862E+02
   2 0.2765697E+02
   3 0.2884626E+02
   1 0.2798470E+02
   3 0.2874694E+02
   2 0.2778927E+02
   1 0.2830738E+02
   3 0.2794278E+02
   2 0.2825186E+02
   2 0.2846791E+02
   1 0.2836618E+02
   3 0.2785322E+02
   2 0.2826663E+02
   1 0.2770139E+02
   3 0.2860411E+02
   2 0.2801304E+02
   1 0.2771850E+02
   3 0.2815564E+02
   2 0.2715391E+02
   1 0.2755911E+02
   3 0.2889735E+02
   2 0.2926308E+02
   1 0.2717265E+02
   3 0.2852078E+02
   3 0.7011328E+01
   2 0.2723044E+02
   1 0.2828184E+02
   3 0.2736181E+02
   2 0.2768173E+02
   1 0.2807724E+02
   3 0.2764141E+02
   2 0.2799455E+02
   1 0.2859123E+02
   2 0.2733506E+02
   3 0.2857737E+02
   1 0.2817442E+02
   2 0.2731198E+02
   3 0.2766807E+02
   1 0.2847960E+02
   2 0.2754593E+02
   3 0.2734687E+02
   2 0.2751189E+02
   1 0.2721678E+02
   3 0.2773078E+02
   2 0.2825048E+02
   1 0.2673582E+02
   3 0.2765663E+02
   2 0.2786661E+02
   1 0.2794465E+02
   3 0.2721304E+02
   2 0.2737622E+02
   1 0.2798072E+02
   3 0.2745225E+02
   2 0.2772425E+02
   1 0.2779235E+02
   3 0.2911704E+02
   2 0.2800246E+02
   1 0.2773487E+02
   3 0.2734322E+02
   2 0.2793293E+02
   1 0.2773533E+02
   3 0.2851587E+02
   2 0.2766992E+02
   2 0.2855423E+02
   1 0.2811053E+02
   1 0.2963160E+02
   3 0.2743832E+02
   2 0.2760367E+02
   1 0.2795211E+02
   1 0.2656022E+02
   3 0.2697812E+02
   2 0.2838585E+02
   2 0.2815262E+02
   1 0.2758432E+02
   3 0.2763373E+02
   2 0.2775024E+02
   1 0.2699879E+02
   3 0.2754762E+02
   3 0.2901100E+02
   2 0.2742845E+02
   1 0.2812466E+02
   3 0.2792759E+02
   2 0.2772985E+02
   1 0.2810481E+02
   3 0.2748029E+02
