   3 0.2836706E+02
   2 0.2783848E+02
   1 0.2826588E+02
   1 0.2910313E+02
   2 0.2738476E+02
   3 0.2829248E+02
   2 0.2739400E+02
   1 0.2762691E+02
   3 0.2776028E+02
   2 0.2783292E+02
   1 0.2802321E+02
   3 0.2722134E+02
   2 0.2801649E+02
   1 0.2772110E+02
   3 0.2769657E+02
   2 0.2849748E+02
   1 0.2760557E+02
   3 0.2739662E+02
   2 0.2694673E+02
   1 0.2846293E+02
   3 0.2838466E+02
   2 0.2798909E+02
   1 0.2819303E+02
   3 0.2762693E+02
   1 0.2786701E+02
   2 0.2786366E+02
   3 0.2742389E+02
   1 0.2792351E+02
   2 0.2662754E+02
   2 0.2895196E+02
   3 0.2697379E+02
   1 0.2772694E+02
   2 0.2737300E+02
   1 0.2240898E+02
   3 0.2847487E+02
   1 0.2820015E+02
   2 0.2832493E+02
   3 0.2796377E+02
   2 0.2839253E+02
   1 0.2725532E+02
   3 0.2793362E+02
   2 0.2853758E+02
   1 0.2865531E+02
   3 0.2787819E+02
   2 0.2797753E+02
   1 0.2775856E+02
   3 0.2770391E+02
   2 0.2751010E+02
   1 0.2775458E+02
   3 0.2791656E+02
   2 0.2861820E+02
   1 0.2785820E+02
   2 0.2815335E+02
   1 0.2870267E+02
   1 0.2798959E+02
   3 0.2788644E+02
   2 0.2687648E+02
   1 0.2746286E+02
   3 0.2855969E+02
   2 0.2715764E+02
   1 0.2762634E+02
   3 0.2733335E+02
   2 0.2725239E+02
   1 0.2677137E+02
   3 0.2858931E+02
   2 0.2829123E+02
   1 0.2738609E+02
   3 0.2818705E+02
   2 0.2810955E+02
   1 0.2804823E+02
   3 0.2935835E+02
   2 0.2729730E+02
   1 0.2834571E+02
   3 0.2768756E+02
   2 0.2738326E+02
   1 0.2713089E+02
   3 0.2843888E+02
   2 0.2780831E+02
   1 0.2805125E+02
   3 0.2781914E+02
   2 0.2878868E+02
   1 0.2868817E+02
   3 0.2825797E+02
   2 0.2800369E+02
   1 0.2795081E+02
   3 0.2743258E+02
   2 0.2797636E+02
   1 0.2715456E+02
   3 0.2895060E+02
   2 0.2869821E+02
   1 0.2713760E+02
   3 0.2787611E+02
   3 0.2919502E+02
   2 0.2814986E+02
   1 0.2749560E+02
   3 0.2778405E+02
   2 0.2727943E+02
   1 0.2736289E+02
   1 0.2848247E+02
   3 0.2746415E+02
   2 0.2789326E+02
   1 0.2856395E+02
   3 0.2755923E+02
   2 0.2821189E+02
   1 0.2745180E+02
   3 0.2794587E+02
   2 0.2772014E+02
   1 0.2793961E+02
   3 0.2809774E+02
   2 0.2783386E+02
   1 0.2853943E+02
   1 0.2863352E+02
   3 0.2785820E+02
   2 0.2748008E+02
   1 0.2724729E+02
   3 0.2755375E+02
   2 0.2729168E+02
   1 0.2720941E+02
   3 0.2764699E+02
   2 0.2788568E+02
   1 0.2782069E+02
   3 0.2759668E+02
   2 0.2750335E+02
   1 0.2777502E+02
   3 0.2768213E+02
   2 0.2674550E+02
   1 0.2873111E+02
   3 0.2825405E+02
   2 0.2755894E+02
   1 0.2730145E+02
   3 0.2848019E+02
   2 0.2769596E+02
   1 0.2788355E+02
   3 0.2772402E+02
   1 0.2681848E+02
   2 0.2827597E+02
   2 0.2818642E+02
   3 0.2737815E+02
   1 0.2782897E+02
   3 0.2786760E+02
   2 0.2839769E+02
   1 0.2831870E+02
   3 0.2847098E+02
   2 0.2775887E+02
   1 0.2856625E+02
   3 0.2826638E+02
   2 0.2687248E+02
   1 0.2705272E+02
   3 0.2841884E+02
   2 0.2749545E+02
   1 0.2743261E+02
   3 0.2745339E+02
   2 0.2761389E+02
   1 0.2749920E+02
   3 0.2754088E+02
   2 0.2758380E+02
   1 0.2781420E+02
   3 0.2676743E+02
   2 0.2842696E+02
   1 0.2916378E+02
   3 0.2748657E+02
   2 0.2725360E+02
   1 0.2739721E+02
   3 0.2788495E+02
   2 0.2802279E+02
   1 0.2752892E+02
   3 0.2817941E+02
   2 0.2772366E+02
   1 0.2782426E+02
   3 0.2815414E+02
   2 0.2933808E+02
   1 0.2888947E+02
   3 0.2723359E+02
   2 0.2699498E+02
   1 0.2776443E+02
   3 0.2907183E+02
   2 0.2711586E+02
   1 0.2831521E+02
   3 0.2773549E+02
   2 0.2815958E+02
   2 0.2882220E+02
   1 0.2835415E+02
   3 0.2732478E+02
   2 0.2749911E+02
   1 0.2697166E+02
   3 0.2741112E+02
   2 0.2820327E+02
   1 0.2829764E+02
   3 0.2730636E+02
   2 0.2803847E+02
   1 0.2739503E+02
   3 0.2795936E+02
   2 0.2718022E+02
   1 0.2772727E+02
   3 0.2936145E+02
   2 0.2791912E+02
   1 0.2823941E+02
   2 0.2889137E+02
   3 0.2865339E+02
   1 0.2752945E+02
   2 0.2744219E+02
   3 0.2684574E+02
   1 0.2963259E+02
   2 0.2760208E+02
   3 0.2739685E+02
   1 0.2680020E+02
   2 0.2828220E+02
   3 0.2810827E+02
   1 0.2747151E+02
   2 0.2863423E+02
   3 0.2776490E+02
   1 0.2730124E+02
   2 0.2876774E+02
   1 0.2896202E+02
   3 0.2758564E+02
   3 0.2895267E+02
   2 0.2835104E+02
   1 0.2828810E+02
   3 0.2736440E+02
   2 0.2819391E+02
   1 0.2684561E+02
   3 0.2787707E+02
   3 0.2905294E+02
   2 0.2745894E+02
   1 0.2710362E+02
   3 0.2754756E+02
   2 0.2851056E+02
   1 0.2795423E+02
   3 0.2842239E+02
   2 0.2727859E+02
   1 0.2755499E+02
   2 0.2969187E+02
   3 0.2763829E+02
   1 0.2816334E+02
   2 0.2740025E+02
   2 0.2933039E+02
   3 0.2834465E+02
   1 0.2744711E+02
   2 0.2756191E+02
   3 0.2752692E+02
   1 0.2830229E+02
   2 0.2677838E+02
   3 0.2869962E+02
   1 0.2897001E+02
   2 0.2735386E+02
   3 0.2740154E+02
   1 0.2787950E+02
   2 0.2779762E+02
   3 0.2775718E+02
   1 0.2871339E+02
   2 0.2837178E+02
   3 0.2891346E+02
   1 0.2753694E+02
   2 0.2719877E+02
   3 0.2721912E+02
   1 0.2738220E+02
   2 0.2805720E+02
   3 0.2745718E+02
   1 0.2835059E+02
   2 0.2775557E+02
   3 0.2835393E+02
   1 0.2853131E+02
   2 0.2870354E+02
   3 0.2687279E+02
   1 0.2807798E+02
   2 0.2833446E+02
   2 0.2487285E+02
   3 0.2814610E+02
   1 0.2759785E+02
   2 0.2752334E+02
   3 0.2758681E+02
   1 0.2737958E+02
   2 0.2740942E+02
   3 0.2823099E+02
   1 0.2764666E+02
   3 0.2759466E+02
   2 0.2835946E+02
   3 0.1871606E+02
   1 0.2716525E+02
   2 0.2785232E+02
   3 0.2735372E+02
   1 0.2835684E+02
   2 0.2900415E+02
   3 0.2733352E+02
   1 0.2838736E+02
   2 0.2726314E+02
   3 0.2853263E+02
   1 0.2804902E+02
   2 0.2768032E+02
   3 0.2738507E+02
   1 0.2741645E+02
   2 0.2832305E+02
   3 0.2700194E+02
   1 0.2852848E+02
   2 0.2748542E+02
   3 0.2777239E+02
   1 0.2754815E+02
   2 0.2854513E+02
   3 0.2806603E+02
   1 0.2804833E+02
   1 0.2879999E+02
   2 0.2756292E+02
   3 0.2789463E+02
   1 0.2694816E+02
   2 0.2775521E+02
   3 0.2855466E+02
   1 0.2760166E+02
   2 0.2757480E+02
   3 0.2711549E+02
   1 0.2770615E+02
   2 0.2740891E+02
   3 0.2825332E+02
   1 0.2820573E+02
   2 0.2818379E+02
   3 0.2738308E+02
   1 0.2748262E+02
   2 0.2867641E+02
   3 0.2746736E+02
   1 0.2789101E+02
   2 0.2807677E+02
   3 0.2734316E+02
   1 0.2852358E+02
   2 0.2756103E+02
   3 0.2734078E+02
   1 0.2854085E+02
   2 0.2791753E+02
   3 0.2726811E+02
   1 0.2797118E+02
   2 0.2807528E+02
   3 0.2919916E+02
   1 0.2786576E+02
   1 0.2883232E+02
   2 0.2794983E+02
   3 0.2773143E+02
   1 0.2897182E+02
   2 0.2745985E+02
   3 0.2788824E+02
   1 0.2823350E+02
   2 0.2798866E+02
   3 0.2837938E+02
   1 0.2860710E+02
   2 0.2780082E+02
   3 0.2810233E+02
   1 0.2797336E+02
   2 0.2931110E+02
   3 0.2712597E+02
   1 0.2695311E+02
   2 0.2706173E+02
   3 0.2804717E+02
   1 0.2729835E+02
   2 0.2696455E+02
   3 0.2747454E+02
   1 0.2723637E+02
   2 0.2740930E+02
   3 0.2763343E+02
   1 0.2796010E+02
   2 0.2774241E+02
   3 0.2884559E+02
   1 0.2821294E+02
   2 0.2723637E+02
   3 0.2836213E+02
   1 0.2777036E+02
   2 0.2818837E+02
   3 0.2796553E+02
   1 0.2827098E+02
   2 0.2817787E+02
   3 0.2881312E+02
   1 0.2735869E+02
   2 0.2824041E+02
   3 0.2861436E+02
   1 0.2682278E+02
   2 0.2774192E+02
   3 0.2764605E+02
   1 0.2720841E+02
   2 0.2760634E+02
   3 0.2748294E+02
   3 0.2747750E+02
   3 0.2858933E+02
   1 0.2765212E+02
   2 0.2806474E+02
   3 0.2768014E+02
   1 0.2769869E+02
   2 0.2750424E+02
   3 0.2805085E+02
   1 0.2774722E+02
   2 0.2809250E+02
   3 0.2764229E+02
   1 0.2784826E+02
   2 0.2827845E+02
   1 0.2858182E+02
   3 0.2755199E+02
   2 0.2756285E+02
   1 0.2854460E+02
   3 0.2822011E+02
   3 0.2917507E+02
   2 0.2783004E+02
   1 0.2800524E+02
   3 0.2887017E+02
   2 0.2881522E+02
   1 0.2831081E+02
   3 0.2913464E+02
   2 0.2879233E+02
   1 0.2834583E+02
   3 0.2819622E+02
   2 0.2768452E+02
   1 0.2849549E+02
   3 0.2780568E+02
   2 0.2747709E+02
   1 0.2735083E+02
   3 0.2800715E+02
   2 0.2803039E+02
   1 0.2696824E+02
   3 0.2737802E+02
   2 0.2733950E+02
   1 0.2811519E+02
   3 0.2744413E+02
   1 0.2857266E+02
   2 0.2876677E+02
   3 0.2777290E+02
   1 0.2830447E+02
   2 0.2812390E+02
   3 0.2815710E+02
   1 0.2732996E+02
   2 0.2810525E+02
   3 0.2806774E+02
   3 0.1191590E+02
   1 0.2729531E+02
   2 0.2748338E+02
   3 0.2801385E+02
   1 0.2827399E+02
   2 0.2829636E+02
   1 0.2810707E+02
   3 0.2792657E+02
   2 0.2846840E+02
   3 0.2706741E+02
   1 0.2755304E+02
   2 0.2883449E+02
   3 0.2725683E+02
   1 0.2800411E+02
   2 0.2819228E+02
   3 0.2757071E+02
   1 0.2743705E+02
   2 0.2872922E+02
   3 0.2788818E+02
   1 0.2864367E+02
   1 0.2832367E+02
   2 0.2741527E+02
   3 0.2752019E+02
   1 0.2831468E+02
   2 0.2807841E+02
   3 0.2743292E+02
   1 0.2738062E+02
   2 0.2802821E+02
   3 0.2707115E+02
   1 0.2838097E+02
   2 0.2841384E+02
   3 0.2705977E+02
   1 0.2780058E+02
   2 0.2844130E+02
   2 0.2825046E+02
   3 0.2809018E+02
   1 0.2816358E+02
   2 0.2729776E+02
   3 0.2720016E+02
   1 0.2853331E+02
   2 0.2786487E+02
   3 0.2828880E+02
   1 0.2721259E+02
   2 0.2764631E+02
   3 0.2783335E+02
   1 0.2756186E+02
   2 0.2754642E+02
   3 0.2806723E+02
   1 0.2710521E+02
   2 0.2898670E+02
   3 0.2766044E+02
   1 0.2798107E+02
   2 0.2814797E+02
   3 0.2851533E+02
   1 0.2767052E+02
   2 0.2738925E+02
   3 0.2774314E+02
   1 0.2781308E+02
   3 0.2802401E+02
   2 0.2796714E+02
   1 0.2795946E+02
   3 0.2733793E+02
   2 0.2742552E+02
   1 0.2837553E+02
   3 0.2811930E+02
   2 0.2766137E+02
   1 0.2822306E+02
   3 0.2753375E+02
   2 0.2828642E+02
   1 0.2710122E+02
   3 0.2727822E+02
   2 0.2867018E+02
   1 0.2800934E+02
   1 0.2791388E+02
   3 0.2842546E+02
   2 0.2793959E+02
   3 0.2810015E+02
   1 0.2721765E+02
   2 0.2710528E+02
   3 0.2812687E+02
   1 0.2784008E+02
   2 0.2793538E+02
   3 0.2736031E+02
   1 0.2759766E+02
   2 0.2752626E+02
   3 0.2758394E+02
   2 0.2333152E+02
   1 0.2771433E+02
   3 0.2749115E+02
   2 0.2816333E+02
   1 0.2780087E+02
   3 0.2800228E+02
   2 0.2882361E+02
   1 0.2724452E+02
   3 0.2763961E+02
   2 0.2794799E+02
   1 0.2815556E+02
   3 0.2812370E+02
   2 0.2740157E+02
   1 0.2837656E+02
   3 0.2771359E+02
   2 0.2843913E+02
   1 0.2800829E+02
   3 0.2762611E+02
   2 0.2828441E+02
   1 0.2783633E+02
   3 0.2771276E+02
   2 0.2770343E+02
   1 0.2765727E+02
   3 0.2870525E+02
   2 0.2777168E+02
   1 0.2730524E+02
   2 0.2774262E+02
   3 0.2736293E+02
   1 0.2733668E+02
   2 0.2752740E+02
   3 0.2812725E+02
   1 0.2773490E+02
   2 0.2755526E+02
   3 0.2818777E+02
   3 0.2808652E+02
   1 0.2813638E+02
   2 0.2798418E+02
   3 0.2742606E+02
   1 0.2751856E+02
   2 0.2892467E+02
   3 0.2709605E+02
   1 0.2745897E+02
   2 0.2715185E+02
   1 0.2753831E+02
   3 0.2771736E+02
   2 0.2722163E+02
   1 0.2697937E+02
   3 0.2834297E+02
   2 0.2854752E+02
   1 0.2754471E+02
   3 0.2730520E+02
   2 0.2836700E+02
   1 0.2835806E+02
   3 0.2725640E+02
   2 0.2775243E+02
   3 0.2829059E+02
   1 0.2883923E+02
   2 0.2857291E+02
   3 0.2822463E+02
   1 0.2782420E+02
   2 0.2729876E+02
   3 0.2732917E+02
   1 0.2879920E+02
   2 0.2785791E+02
   3 0.2829959E+02
   1 0.2736115E+02
   2 0.2787885E+02
   3 0.2771745E+02
   1 0.2809123E+02
   2 0.2678376E+02
   3 0.2727414E+02
   1 0.2752411E+02
   2 0.2713630E+02
   3 0.2834057E+02
   1 0.2919064E+02
   2 0.2791754E+02
   3 0.2819591E+02
   1 0.2772183E+02
   3 0.1975691E+02
   2 0.2703812E+02
   1 0.2869779E+02
   3 0.2742758E+02
   2 0.2778684E+02
   1 0.2784457E+02
   2 0.2934312E+02
   3 0.2819879E+02
   1 0.2792959E+02
   2 0.2795636E+02
   3 0.2833690E+02
   1 0.2740282E+02
   2 0.2803859E+02
   3 0.2772872E+02
   2 0.2828135E+02
   1 0.2776301E+02
   3 0.2748330E+02
   1 0.2774311E+02
   2 0.2828045E+02
   3 0.2836241E+02
   3 0.2793223E+02
   2 0.2744990E+02
   1 0.2803007E+02
   3 0.2812478E+02
   2 0.2792546E+02
   1 0.2769541E+02
   3 0.2838025E+02
   2 0.2777159E+02
   1 0.2749115E+02
   3 0.2880419E+02
   2 0.2820053E+02
   1 0.2726637E+02
   3 0.2865303E+02
   2 0.2764796E+02
   1 0.2765807E+02
   3 0.2789505E+02
   2 0.2831202E+02
   1 0.2814233E+02
   3 0.2836570E+02
   2 0.2861044E+02
   1 0.2820139E+02
   3 0.2780632E+02
   1 0.2806260E+02
   2 0.2867763E+02
   3 0.2710477E+02
   2 0.2860080E+02
   1 0.2808046E+02
   3 0.2830914E+02
   2 0.2759253E+02
   1 0.2858904E+02
   3 0.2684084E+02
   2 0.2819057E+02
   1 0.2752572E+02
   1 0.2889301E+02
   3 0.2719599E+02
   2 0.2773471E+02
   1 0.2715837E+02
   3 0.2812872E+02
   3 0.2076049E+02
   3 0.2814130E+02
   2 0.2727819E+02
   1 0.2902380E+02
   3 0.2798418E+02
   2 0.2776953E+02
   1 0.2792517E+02
   3 0.2725043E+02
   2 0.2728592E+02
   1 0.2826871E+02
   1 0.2788267E+02
   3 0.2825559E+02
   2 0.2805472E+02
   1 0.2789143E+02
   1 0.2698880E+02
   2 0.2756834E+02
   3 0.2780328E+02
   1 0.2711956E+02
   3 0.2754785E+02
   2 0.2792004E+02
   1 0.2763365E+02
   3 0.2710291E+02
   2 0.2805129E+02
   2 0.2702642E+02
   1 0.2824496E+02
   3 0.2824188E+02
   2 0.2734480E+02
   1 0.2806923E+02
   3 0.2712475E+02
   2 0.2836689E+02
   2 0.2703331E+02
   1 0.2651850E+02
   3 0.2804771E+02
   2 0.2765483E+02
   1 0.2877322E+02
   3 0.2704792E+02
   2 0.2813839E+02
   1 0.2732919E+02
   3 0.2740814E+02
   2 0.2730113E+02
   1 0.2793463E+02
   3 0.2775432E+02
   3 0.2856425E+02
   2 0.2748223E+02
   2 0.2871656E+02
   1 0.2751247E+02
   3 0.2762198E+02
   2 0.2880359E+02
   1 0.2875957E+02
   3 0.2726681E+02
   2 0.2784575E+02
   1 0.2797042E+02
   3 0.2830235E+02
   2 0.2752552E+02
   1 0.2766057E+02
   3 0.2779887E+02
   2 0.2853825E+02
   1 0.2744252E+02
   3 0.2728260E+02
   2 0.2791999E+02
   1 0.2799721E+02
   3 0.2839402E+02
   2 0.2782629E+02
   1 0.2689847E+02
   3 0.2744422E+02
   2 0.2831852E+02
   1 0.2767292E+02
   2 0.2906036E+02
   3 0.2759765E+02
   1 0.2840049E+02
   2 0.2798367E+02
   3 0.2828880E+02
   1 0.2719643E+02
   2 0.2711902E+02
   3 0.2788374E+02
   1 0.2704293E+02
   2 0.2731255E+02
   3 0.2735355E+02
   1 0.2761807E+02
   2 0.2773570E+02
   3 0.2786588E+02
   1 0.2718563E+02
   2 0.2823774E+02
   3 0.2784480E+02
   1 0.2737783E+02
   2 0.2784765E+02
   3 0.2849351E+02
   1 0.2765356E+02
   2 0.2809518E+02
   3 0.2772972E+02
   1 0.2777875E+02
   2 0.2764803E+02
   3 0.2694276E+02
   3 0.2892333E+02
   1 0.2747081E+02
   2 0.2870756E+02
   3 0.2694229E+02
   1 0.2820420E+02
   2 0.2781846E+02
   3 0.2815632E+02
   1 0.2774526E+02
   2 0.2844124E+02
   3 0.2888629E+02
   1 0.2843788E+02
   2 0.2846953E+02
   2 0.2809912E+02
   3 0.2807588E+02
   1 0.2763350E+02
   2 0.2852921E+02
   2 0.2729020E+02
   3 0.2784722E+02
   1 0.2888787E+02
   2 0.2885813E+02
   3 0.2734431E+02
   1 0.2758502E+02
   2 0.2785492E+02
   3 0.2860285E+02
   1 0.2766742E+02
   2 0.2738178E+02
   3 0.2771794E+02
   1 0.2874500E+02
   2 0.2810589E+02
   3 0.2746353E+02
   1 0.2795094E+02
   2 0.2815409E+02
   1 0.2719354E+02
   3 0.2767304E+02
   2 0.2779332E+02
   1 0.2758619E+02
   2 0.2037843E+02
   3 0.2879217E+02
   1 0.2789141E+02
   2 0.2790383E+02
   1 0.2843890E+02
   3 0.2816968E+02
   2 0.2751034E+02
   2 0.2811439E+02
   1 0.2856352E+02
   2 0.2862892E+02
   3 0.2743412E+02
   1 0.2739870E+02
   2 0.2623549E+02
   3 0.2829716E+02
   1 0.2766651E+02
   2 0.2726297E+02
   3 0.2798594E+02
   2 0.2922830E+02
   1 0.2825318E+02
   3 0.2761452E+02
   2 0.2806560E+02
   1 0.2714925E+02
   3 0.2878157E+02
   2 0.2783598E+02
   1 0.2791936E+02
   3 0.2777879E+02
   2 0.2779995E+02
   1 0.2736504E+02
   3 0.2860673E+02
   2 0.2781841E+02
   1 0.2767945E+02
   3 0.2797464E+02
   2 0.2774048E+02
   1 0.2798633E+02
   3 0.2862938E+02
   2 0.2889637E+02
   1 0.2770317E+02
   3 0.2901566E+02
   2 0.2851971E+02
   1 0.2746312E+02
   3 0.2705774E+02
   2 0.2770704E+02
   1 0.2715617E+02
   3 0.2764809E+02
   2 0.2715424E+02
   1 0.2765061E+02
   3 0.2785163E+02
   2 0.2899176E+02
   1 0.2794458E+02
   3 0.2778275E+02
   2 0.2800185E+02
   1 0.2800613E+02
   3 0.2783195E+02
   2 0.2751015E+02
   1 0.2813628E+02
   3 0.2751818E+02
   2 0.2732821E+02
   1 0.2811381E+02
   3 0.2794064E+02
   2 0.2785352E+02
   1 0.2778281E+02
   3 0.2758864E+02
   2 0.2740116E+02
   1 0.2798331E+02
   3 0.2721714E+02
   2 0.2778170E+02
   1 0.2747531E+02
   3 0.2873468E+02
   2 0.2781138E+02
   1 0.2855648E+02
   3 0.2806565E+02
   2 0.2816608E+02
   1 0.2830195E+02
   3 0.2851492E+02
   3 0.2780561E+02
   2 0.2738203E+02
   1 0.2769976E+02
   3 0.2766632E+02
   2 0.2749587E+02
   1 0.2804330E+02
   3 0.2733525E+02
   2 0.2777167E+02
   1 0.2737836E+02
   3 0.2841398E+02
   2 0.2808586E+02
   1 0.2838501E+02
   1 0.2905293E+02
   3 0.2832539E+02
   2 0.2727089E+02
   1 0.2820761E+02
   3 0.2781556E+02
   2 0.2814893E+02
   1 0.2759082E+02
   3 0.2794421E+02
   2 0.2768764E+02
   1 0.2739141E+02
   1 0.2729104E+02
   3 0.2785822E+02
   2 0.2885784E+02
   1 0.2749299E+02
   3 0.2718660E+02
   2 0.2754307E+02
   1 0.2723894E+02
   3 0.2777808E+02
   2 0.2840122E+02
   1 0.2808419E+02
   3 0.2819396E+02
   2 0.2796941E+02
   1 0.2817832E+02
   3 0.2811119E+02
   2 0.2818612E+02
   1 0.2733728E+02
   3 0.2859693E+02
   2 0.2823911E+02
   1 0.2714088E+02
   3 0.2787157E+02
   2 0.2805261E+02
   1 0.2786141E+02
   3 0.2758711E+02
   2 0.2807339E+02
   1 0.2799736E+02
   3 0.2824372E+02
   2 0.2689325E+02
   1 0.2870988E+02
   3 0.2727976E+02
   2 0.2725658E+02
   1 0.2759003E+02
   3 0.2823109E+02
   2 0.2830253E+02
   1 0.2832726E+02
   3 0.2729616E+02
   2 0.2845477E+02
   1 0.2695753E+02
   3 0.2883566E+02
   2 0.2732167E+02
   1 0.2747287E+02
   3 0.2819711E+02
   2 0.2807537E+02
   1 0.2770275E+02
   3 0.2724552E+02
   2 0.2691400E+02
   1 0.2677441E+02
   3 0.2889291E+02
   2 0.2749978E+02
   1 0.2715396E+02
   3 0.2777973E+02
   2 0.2732387E+02
   1 0.2834525E+02
   3 0.2877770E+02
   2 0.2737502E+02
   3 0.2855331E+02
   1 0.2870199E+02
   3 0.2847178E+02
   2 0.2867014E+02
   1 0.2792939E+02
   3 0.2771867E+02
   2 0.2808965E+02
   3 0.2811962E+02
   1 0.2796421E+02
   2 0.2931240E+02
   2 0.2852156E+02
   3 0.2783161E+02
   1 0.2858609E+02
   2 0.2541626E+02
   1 0.2861413E+02
   3 0.2801345E+02
   2 0.2812115E+02
   1 0.2799031E+02
   3 0.2782439E+02
   2 0.2845323E+02
   3 0.2802099E+02
   2 0.2941227E+02
   1 0.2705444E+02
   3 0.2745596E+02
   2 0.2786467E+02
   1 0.2778554E+02
   3 0.2785580E+02
   1 0.2777502E+02
   2 0.2946366E+02
   3 0.2843166E+02
   1 0.2707686E+02
   2 0.2779391E+02
   3 0.2838881E+02
   1 0.2848209E+02
   2 0.2689516E+02
   3 0.2696293E+02
   1 0.2747065E+02
   2 0.2839797E+02
   1 0.2818692E+02
   2 0.2828919E+02
   3 0.2724718E+02
   1 0.2708011E+02
   2 0.2755074E+02
   3 0.2718049E+02
   1 0.2693105E+02
   3 0.2834566E+02
   2 0.2750429E+02
   1 0.2822780E+02
   3 0.2814661E+02
   2 0.2700620E+02
   1 0.2878785E+02
   2 0.2819636E+02
   3 0.2676784E+02
   1 0.2795337E+02
   2 0.2776070E+02
   3 0.2810441E+02
   1 0.2766141E+02
   2 0.2730544E+02
   3 0.2819980E+02
   1 0.2758781E+02
   2 0.2758155E+02
   3 0.2873956E+02
   1 0.2637700E+02
   3 0.2766825E+02
   2 0.2812253E+02
   3 0.2808959E+02
   1 0.2677615E+02
   2 0.2881903E+02
   3 0.2740065E+02
   3 0.2888026E+02
   1 0.2762866E+02
   2 0.2821026E+02
   3 0.2813530E+02
   1 0.2770824E+02
   2 0.2719213E+02
   3 0.2800728E+02
   1 0.2794917E+02
   2 0.2793126E+02
   1 0.2818020E+02
   3 0.2744134E+02
   3 0.2814315E+02
   2 0.2711956E+02
   1 0.2731317E+02
   3 0.2765869E+02
   2 0.2763771E+02
   1 0.2818920E+02
   3 0.2781877E+02
   2 0.2740912E+02
   1 0.2804760E+02
   1 0.2841560E+02
   3 0.2855686E+02
   2 0.2745133E+02
   3 0.2710094E+02
   1 0.2829975E+02
   2 0.2722712E+02
   3 0.2771797E+02
   1 0.2722901E+02
   2 0.2772364E+02
   3 0.2792452E+02
   1 0.2736676E+02
   2 0.2733749E+02
   3 0.2821903E+02
   1 0.2747536E+02
   2 0.2749296E+02
   3 0.2768164E+02
   1 0.2787642E+02
   2 0.2800043E+02
   3 0.2812810E+02
   1 0.2840210E+02
   2 0.2784813E+02
   3 0.2757310E+02
   1 0.2765272E+02
   2 0.2823902E+02
   3 0.2761804E+02
   1 0.2786608E+02
   2 0.2754487E+02
   3 0.2855956E+02
   1 0.2748129E+02
   2 0.2740851E+02
   3 0.2803029E+02
   1 0.2704891E+02
   2 0.2792268E+02
   3 0.2801012E+02
   1 0.2718916E+02
   3 0.2918863E+02
   2 0.2797702E+02
   3 0.2807102E+02
   1 0.2733862E+02
   2 0.2783818E+02
   3 0.2877756E+02
   1 0.2824061E+02
   2 0.2782095E+02
   1 0.2759126E+02
   3 0.2711150E+02
   2 0.2771586E+02
   1 0.2780765E+02
   3 0.2859904E+02
   2 0.2711538E+02
   1 0.2771947E+02
   3 0.2780434E+02
   2 0.2839233E+02
   1 0.2782920E+02
   3 0.2800116E+02
   2 0.2837718E+02
   1 0.2704105E+02
   3 0.2715042E+02
   2 0.2747872E+02
   1 0.2750602E+02
   3 0.2793779E+02
   2 0.2800691E+02
   1 0.2656574E+02
   3 0.2737087E+02
   1 0.2878204E+02
   2 0.2700419E+02
   3 0.2765710E+02
   3 0.2746296E+02
   1 0.2677105E+02
   2 0.2806895E+02
   3 0.2833070E+02
   1 0.2717753E+02
   2 0.2768645E+02
   3 0.2863851E+02
   1 0.2760422E+02
   2 0.2861492E+02
   3 0.2761974E+02
   1 0.2819807E+02
   2 0.2742926E+02
   3 0.2866361E+02
   3 0.2025543E+02
   1 0.2849511E+02
   2 0.2840307E+02
   3 0.2788093E+02
   1 0.2830512E+02
   2 0.2797891E+02
   3 0.2842868E+02
   1 0.2787821E+02
   2 0.2830870E+02
   3 0.2803697E+02
   1 0.2743681E+02
   2 0.2796861E+02
   3 0.2795375E+02
   1 0.2799144E+02
   2 0.2810163E+02
   3 0.2748438E+02
   2 0.2808734E+02
   1 0.2884891E+02
   3 0.2821573E+02
   2 0.2732200E+02
   3 0.2701507E+02
   1 0.2698334E+02
   2 0.2786830E+02
   3 0.2746192E+02
   1 0.2848914E+02
   1 0.2847130E+02
   1 0.2840394E+02
   2 0.2786538E+02
   3 0.2794891E+02
   1 0.2742303E+02
   1 0.2920976E+02
   2 0.2729582E+02
   1 0.2783740E+02
   3 0.2749477E+02
   2 0.2809767E+02
   3 0.2735171E+02
   1 0.2735653E+02
   2 0.2696259E+02
   3 0.2805397E+02
   1 0.2839616E+02
   2 0.2901178E+02
   3 0.2744803E+02
   1 0.2780123E+02
   2 0.2722290E+02
   3 0.2842174E+02
   1 0.2818596E+02
   2 0.2724403E+02
   3 0.2782796E+02
   1 0.2742273E+02
   2 0.2816644E+02
   3 0.2845998E+02
   1 0.2792479E+02
   2 0.2777025E+02
   3 0.2872642E+02
   1 0.2836613E+02
   3 0.2741823E+02
   3 0.2900684E+02
   2 0.2774172E+02
   1 0.2736725E+02
   1 0.2840246E+02
   3 0.2739037E+02
   2 0.2738201E+02
   1 0.2763177E+02
   3 0.2752670E+02
   2 0.2757528E+02
   1 0.2664452E+02
   3 0.2855113E+02
   2 0.2716073E+02
   1 0.2766416E+02
   3 0.2722862E+02
   2 0.2767551E+02
   1 0.2825284E+02
   3 0.2784295E+02
   2 0.2794538E+02
   1 0.2823717E+02
   3 0.2863605E+02
   2 0.2752037E+02
   2 0.2932293E+02
   3 0.2858225E+02
   1 0.2841493E+02
   1 0.2867506E+02
   2 0.2789254E+02
   3 0.2720263E+02
   1 0.2722094E+02
   2 0.2689501E+02
   3 0.2709001E+02
   1 0.2705177E+02
   2 0.2911870E+02
   3 0.2716860E+02
   1 0.2801746E+02
   2 0.2823380E+02
   3 0.2745796E+02
   1 0.2826576E+02
   3 0.2829284E+02
   2 0.2801970E+02
   1 0.2734187E+02
   3 0.2698729E+02
   2 0.2847302E+02
   1 0.2721648E+02
   3 0.2772048E+02
   2 0.2804524E+02
   1 0.2856249E+02
   3 0.2844954E+02
   2 0.2775814E+02
   1 0.2734992E+02
   3 0.2779020E+02
   2 0.2790388E+02
   1 0.2773259E+02
   3 0.2822928E+02
   2 0.2783043E+02
   1 0.2821370E+02
   3 0.2727639E+02
   2 0.2747128E+02
   1 0.2794829E+02
   3 0.2816308E+02
   2 0.2764176E+02
   1 0.2799541E+02
   3 0.2746344E+02
   2 0.2689998E+02
   1 0.2762408E+02
   3 0.2778325E+02
   1 0.2712804E+02
   2 0.2875175E+02
   3 0.2862921E+02
   3 0.2837547E+02
   1 0.2826201E+02
   2 0.2808061E+02
   3 0.2783806E+02
   1 0.2776440E+02
   2 0.2758013E+02
   1 0.2713658E+02
   3 0.2773418E+02
   2 0.2760668E+02
   1 0.2745043E+02
   3 0.2730543E+02
   2 0.2822875E+02
   1 0.2725816E+02
   3 0.2814462E+02
   2 0.2774053E+02
   1 0.2731084E+02
   3 0.2821733E+02
   2 0.2748648E+02
   1 0.2722015E+02
   3 0.2833266E+02
   2 0.2808063E+02
   1 0.2830465E+02
   3 0.2776816E+02
   2 0.2753692E+02
   1 0.2771224E+02
   3 0.2733451E+02
   2 0.2765901E+02
   1 0.2836424E+02
   3 0.2723347E+02
   2 0.2764537E+02
   1 0.2813850E+02
   3 0.2786554E+02
   2 0.2706457E+02
   1 0.2785039E+02
   3 0.2789673E+02
   2 0.2765350E+02
   1 0.2759285E+02
   3 0.2846911E+02
   2 0.2702526E+02
   3 0.2725717E+02
   1 0.2834776E+02
   2 0.2798989E+02
   1 0.2757006E+02
   3 0.2754480E+02
   2 0.2725423E+02
   3 0.2783899E+02
   1 0.2842979E+02
   2 0.2754100E+02
   3 0.2734771E+02
   1 0.2720288E+02
   1 0.2834011E+02
   2 0.2818505E+02
   3 0.2873223E+02
   1 0.2885088E+02
   2 0.2762294E+02
   3 0.2837065E+02
   1 0.2757565E+02
   2 0.2828317E+02
   3 0.2774656E+02
   1 0.2734934E+02
   2 0.2776539E+02
   2 0.2650691E+02
   3 0.2706686E+02
   1 0.2835299E+02
   2 0.2790417E+02
   2 0.2829714E+02
   3 0.2800019E+02
   1 0.2847348E+02
   2 0.2759088E+02
   3 0.2713205E+02
   1 0.2784484E+02
   2 0.2756951E+02
   3 0.2718979E+02
   1 0.2880792E+02
   2 0.2775986E+02
   3 0.2858525E+02
   1 0.2742787E+02
   2 0.2796288E+02
   3 0.2719591E+02
   2 0.2787133E+02
   1 0.2707989E+02
   3 0.2733129E+02
   2 0.2816028E+02
   1 0.2759009E+02
   3 0.2815319E+02
   2 0.2792327E+02
   1 0.2876383E+02
   3 0.2786218E+02
   2 0.2711767E+02
   1 0.2727340E+02
   3 0.2772303E+02
   2 0.2819045E+02
   1 0.2809599E+02
   3 0.2658360E+02
   2 0.2806173E+02
   1 0.2789167E+02
   3 0.2794728E+02
   2 0.2807626E+02
   1 0.2793321E+02
   3 0.2821570E+02
   2 0.2790347E+02
   1 0.2714408E+02
   3 0.2849424E+02
   2 0.2758820E+02
   1 0.2837042E+02
   3 0.2748835E+02
   2 0.2781782E+02
   1 0.2795375E+02
   3 0.2797406E+02
   2 0.2775185E+02
   1 0.2741401E+02
   3 0.2796611E+02
   2 0.2805403E+02
   1 0.2910192E+02
   3 0.2751523E+02
   2 0.2698804E+02
   1 0.2753040E+02
   3 0.2745164E+02
   2 0.2709880E+02
   1 0.2724762E+02
   3 0.2735650E+02
   2 0.2794720E+02
   1 0.2834451E+02
   3 0.2738824E+02
   2 0.2741614E+02
   1 0.2763285E+02
   3 0.2806122E+02
   2 0.2816736E+02
   1 0.2825904E+02
   3 0.2731053E+02
   2 0.2822433E+02
   1 0.2752780E+02
   3 0.2730247E+02
   2 0.2771665E+02
   1 0.2793042E+02
   3 0.2827410E+02
   2 0.2800277E+02
   1 0.2787455E+02
   3 0.2784520E+02
   2 0.2741952E+02
   1 0.2853313E+02
   3 0.2788399E+02
   2 0.2737776E+02
   1 0.2722723E+02
   3 0.2727232E+02
   2 0.2804891E+02
   1 0.2791175E+02
   3 0.2899853E+02
   2 0.2777150E+02
   1 0.2781553E+02
   3 0.2858492E+02
   2 0.2827460E+02
   1 0.2799161E+02
   3 0.2735947E+02
   2 0.2742834E+02
   1 0.2786110E+02
   3 0.2851291E+02
   2 0.2912342E+02
   1 0.2836098E+02
   3 0.2796937E+02
   2 0.2865488E+02
   1 0.2889958E+02
   3 0.2770265E+02
   1 0.2805064E+02
   2 0.2812351E+02
   3 0.2761839E+02
   1 0.2803661E+02
   2 0.2726437E+02
   3 0.2814245E+02
   1 0.2814406E+02
   2 0.2826196E+02
   3 0.2789045E+02
   1 0.2799403E+02
   2 0.2701114E+02
   3 0.2764748E+02
   1 0.2811513E+02
   2 0.2756902E+02
   3 0.2738338E+02
   1 0.2831608E+02
   2 0.2706037E+02
   3 0.2704712E+02
   1 0.2699653E+02
   2 0.2788888E+02
   3 0.2798568E+02
   1 0.2816138E+02
   2 0.2728302E+02
   3 0.2794299E+02
   1 0.2924307E+02
   2 0.2883857E+02
   3 0.2824621E+02
   1 0.2854446E+02
   2 0.2815992E+02
   3 0.2791310E+02
   1 0.2887367E+02
   3 0.2891974E+02
   2 0.2851357E+02
   3 0.2913694E+02
   1 0.2722273E+02
   2 0.2778342E+02
   3 0.2820999E+02
   1 0.2741649E+02
   2 0.2793091E+02
   3 0.2885487E+02
   1 0.2762549E+02
   2 0.2874625E+02
   3 0.2742443E+02
   1 0.2777462E+02
   2 0.2791430E+02
   3 0.2727932E+02
   1 0.2803686E+02
   2 0.2747509E+02
   3 0.2840160E+02
   1 0.2861905E+02
   2 0.2851187E+02
   3 0.2829808E+02
   1 0.2758891E+02
   2 0.2779007E+02
   3 0.2795523E+02
   1 0.2780885E+02
   2 0.2866306E+02
   3 0.2834801E+02
   2 0.2934848E+02
   1 0.2799742E+02
   3 0.2866299E+02
   2 0.2794394E+02
   1 0.2797254E+02
   3 0.2775739E+02
   2 0.2889433E+02
   1 0.2762803E+02
   3 0.2816205E+02
   2 0.2741132E+02
   1 0.2773611E+02
   2 0.2863131E+02
   3 0.2807034E+02
   1 0.2844045E+02
   2 0.2810268E+02
   3 0.2746983E+02
   1 0.2726820E+02
   2 0.2783912E+02
   3 0.2735677E+02
   1 0.2781667E+02
   2 0.2791425E+02
   3 0.2818708E+02
   1 0.2747525E+02
   2 0.2746409E+02
   3 0.2865603E+02
   1 0.2725160E+02
   2 0.2776155E+02
   3 0.2740820E+02
   1 0.2750592E+02
   2 0.2754775E+02
   3 0.2769570E+02
   1 0.2787979E+02
   2 0.2746903E+02
   3 0.2758785E+02
   1 0.2778724E+02
   2 0.2764199E+02
   3 0.2742285E+02
   1 0.2766507E+02
   2 0.2709244E+02
   3 0.2748769E+02
   1 0.2831910E+02
   3 0.2870972E+02
   2 0.2800462E+02
   1 0.2763074E+02
   2 0.2816176E+02
   3 0.2784531E+02
   1 0.2762331E+02
   2 0.2739189E+02
   3 0.2740912E+02
   1 0.2901193E+02
   2 0.2763186E+02
   3 0.2653421E+02
   1 0.2745564E+02
   2 0.2826185E+02
   3 0.2837099E+02
   1 0.2850992E+02
   2 0.2783614E+02
   3 0.2827756E+02
   1 0.2827790E+02
   2 0.2709963E+02
   3 0.2771162E+02
