   2 0.7679053E+02
   1 0.7733917E+02
   3 0.7612032E+02
   1 0.7757697E+02
   1 0.7702172E+02
   2 0.7688228E+02
   2 0.5890256E+02
   3 0.7718943E+02
   2 0.7711250E+02
   1 0.7734490E+02
   2 0.7632165E+02
   2 0.2006652E+02
   3 0.7737220E+02
   1 0.7661394E+02
   2 0.7695063E+02
   1 0.7739136E+02
   1 0.7683747E+02
   3 0.7731715E+02
   2 0.7711252E+02
   2 0.7769657E+02
   2 0.5940141E+02
   1 0.7706919E+02
   3 0.7740117E+02
   2 0.7748305E+02
   1 0.7755193E+02
   3 0.7784036E+02
   3 0.7693105E+02
   3 0.7777607E+02
   2 0.7695008E+02
   1 0.7743870E+02
   3 0.7722831E+02
   3 0.7689186E+02
   1 0.7616613E+02
   3 0.7731649E+02
   1 0.7678746E+02
   3 0.7739878E+02
   2 0.7694029E+02
   2 0.7769369E+02
   2 0.7761077E+02
   2 0.7621132E+02
   1 0.7681662E+02
   2 0.7733685E+02
   3 0.7722937E+02
   3 0.6924141E+02
   2 0.7653478E+02
   2 0.7690768E+02
   1 0.7719907E+02
   3 0.7723746E+02
   3 0.7746100E+02
   2 0.7735639E+02
   3 0.7691263E+02
   2 0.7648752E+02
   1 0.7732564E+02
   1 0.2917652E+02
   2 0.7697581E+02
   1 0.7715778E+02
   2 0.7698453E+02
   2 0.7789844E+02
   2 0.7746217E+02
   1 0.7656553E+02
   2 0.7744904E+02
   3 0.7683847E+02
   1 0.2948746E+02
   2 0.7683860E+02
   1 0.7749602E+02
   3 0.7710402E+02
   2 0.7703403E+02
   1 0.7515875E+02
   3 0.7785105E+02
   3 0.7635877E+02
   2 0.7701895E+02
   3 0.7743073E+02
   1 0.7711247E+02
   1 0.7782433E+02
   2 0.7782484E+02
   3 0.7714196E+02
   1 0.7689123E+02
   2 0.7696779E+02
   3 0.7705442E+02
   2 0.7729963E+02
   1 0.7736429E+02
   1 0.7775356E+02
   3 0.7626400E+02
   2 0.7733318E+02
   2 0.7772779E+02
   2 0.7681185E+02
   1 0.7726413E+02
   3 0.7682713E+02
   3 0.7732485E+02
   3 0.7757582E+02
   2 0.7765860E+02
   3 0.7731660E+02
   2 0.7664032E+02
   1 0.7674874E+02
   2 0.7668680E+02
   2 0.7744457E+02
   3 0.7719062E+02
   1 0.7731913E+02
   2 0.7675758E+02
   3 0.7757059E+02
   3 0.7628780E+02
   1 0.7727398E+02
   1 0.7754435E+02
   1 0.7716964E+02
   2 0.7778058E+02
   1 0.7712635E+02
   2 0.7657031E+02
   1 0.7733358E+02
   3 0.7691944E+02
   1 0.7730930E+02
   1 0.7766177E+02
   3 0.7743256E+02
   3 0.7764350E+02
   1 0.7731855E+02
   2 0.7710430E+02
   3 0.7733235E+02
   1 0.7709592E+02
   3 0.7699406E+02
   2 0.7690620E+02
   1 0.7609353E+02
   3 0.7755067E+02
   1 0.7780277E+02
   1 0.7727068E+02
   2 0.7704670E+02
   3 0.7728551E+02
   3 0.7625590E+02
   1 0.7724713E+02
   1 0.7653403E+02
   3 0.7717650E+02
   2 0.7645579E+02
   3 0.7647927E+02
   2 0.7619125E+02
   2 0.7703410E+02
   1 0.7723313E+02
   2 0.7664412E+02
   1 0.7719254E+02
   2 0.7691290E+02
   3 0.7716637E+02
   1 0.7762903E+02
   2 0.7719850E+02
   1 0.7645780E+02
   3 0.7735037E+02
   2 0.7685832E+02
   1 0.7719798E+02
   2 0.7874666E+02
   3 0.7761730E+02
   1 0.7659833E+02
   3 0.7710542E+02
   1 0.4705091E+02
   3 0.7616680E+02
   1 0.7738378E+02
   1 0.7733830E+02
   2 0.7696992E+02
   3 0.7707329E+02
   1 0.7717178E+02
   2 0.7776060E+02
   2 0.6138693E+02
   1 0.7737429E+02
   3 0.7787915E+02
   3 0.7761150E+02
   1 0.7764025E+02
   3 0.7798633E+02
   2 0.7707899E+02
   2 0.7767081E+02
   2 0.7727338E+02
   1 0.7668548E+02
   3 0.7643810E+02
   3 0.4752561E+02
   3 0.7692245E+02
   2 0.7707011E+02
   1 0.7704967E+02
   1 0.7741491E+02
   1 0.7361115E+02
   3 0.7762652E+02
   1 0.7675411E+02
   2 0.7721620E+02
   1 0.7737774E+02
   3 0.7673733E+02
   2 0.7718707E+02
   1 0.7822190E+02
   3 0.7740750E+02
   3 0.7686089E+02
   2 0.7716186E+02
   1 0.7724049E+02
   3 0.7716683E+02
   2 0.7659956E+02
   1 0.7649451E+02
   2 0.7741200E+02
   3 0.7694967E+02
   1 0.7756635E+02
   2 0.7748555E+02
   2 0.7721465E+02
   3 0.7693602E+02
   2 0.7680607E+02
   2 0.7744469E+02
   1 0.7741560E+02
   1 0.7675108E+02
   3 0.7695439E+02
   1 0.7725193E+02
   2 0.7811567E+02
   2 0.7081698E+02
   1 0.7673207E+02
   2 0.7800222E+02
   1 0.7714627E+02
   1 0.7789877E+02
   3 0.7695485E+02
   2 0.7655859E+02
   2 0.6468292E+02
   1 0.7643315E+02
   1 0.7721582E+02
   1 0.7733595E+02
   3 0.7743599E+02
   1 0.7746779E+02
   2 0.7704276E+02
   3 0.7643222E+02
   2 0.7745239E+02
   1 0.7734961E+02
   2 0.7720928E+02
   1 0.7701561E+02
   2 0.7737658E+02
   2 0.3985553E+02
   3 0.7682206E+02
   3 0.7695447E+02
   1 0.7658597E+02
   1 0.2139146E+02
   2 0.7699140E+02
   3 0.7672984E+02
   1 0.7813889E+02
   2 0.7765480E+02
   1 0.7722178E+02
   2 0.7750963E+02
   1 0.7736939E+02
   1 0.7552271E+02
   3 0.7665545E+02
   1 0.7727337E+02
   2 0.7766035E+02
   2 0.5843457E+02
   2 0.7631433E+02
   3 0.7679117E+02
   2 0.7737360E+02
   1 0.7715089E+02
   2 0.7741247E+02
   2 0.7681777E+02
   3 0.7699590E+02
   1 0.7681117E+02
   1 0.7654697E+02
   2 0.7754293E+02
   1 0.4490115E+02
   2 0.7775837E+02
   3 0.7681373E+02
   2 0.7701665E+02
   1 0.7728407E+02
   3 0.7733201E+02
   2 0.7697750E+02
   3 0.7710350E+02
   1 0.7696763E+02
   2 0.7678916E+02
   1 0.7739279E+02
   3 0.7642405E+02
   1 0.7728351E+02
   3 0.7708119E+02
   1 0.7723737E+02
   3 0.6933112E+02
   3 0.7807080E+02
   3 0.7763547E+02
   2 0.7704043E+02
   2 0.7715051E+02
   1 0.7706230E+02
   3 0.7751001E+02
   2 0.7704012E+02
   1 0.7705475E+02
   2 0.7747173E+02
   3 0.7725020E+02
   1 0.7774777E+02
   2 0.7689011E+02
   1 0.7653958E+02
   2 0.7713716E+02
   3 0.7715747E+02
   1 0.7694788E+02
   2 0.7691769E+02
   3 0.7693563E+02
   2 0.7650788E+02
   1 0.7709764E+02
   1 0.7780304E+02
   2 0.7689085E+02
   3 0.7714380E+02
   3 0.2746445E+02
   1 0.7686704E+02
   2 0.7691143E+02
   3 0.7781613E+02
   2 0.7654478E+02
   2 0.5383668E+02
   3 0.7592306E+02
   1 0.7693631E+02
   1 0.2827276E+02
   3 0.7691857E+02
   2 0.7801318E+02
   2 0.7695833E+02
   1 0.7728772E+02
   3 0.7704435E+02
   2 0.7720020E+02
   2 0.7685691E+02
   3 0.7684244E+02
   3 0.7721578E+02
   2 0.7698845E+02
   3 0.7735904E+02
   1 0.7723542E+02
   2 0.7670389E+02
   3 0.7730358E+02
   1 0.7726664E+02
   2 0.7688346E+02
   1 0.5191144E+02
   3 0.7721999E+02
   1 0.7744472E+02
   1 0.7670555E+02
   2 0.7687635E+02
   3 0.7657253E+02
   2 0.7671210E+02
   1 0.7676155E+02
   2 0.7622221E+02
   2 0.7738630E+02
   1 0.7736535E+02
   2 0.7676858E+02
   1 0.7645302E+02
   3 0.7697352E+02
   2 0.7729771E+02
   1 0.7722972E+02
   1 0.7745514E+02
   3 0.7743473E+02
   2 0.7747554E+02
   2 0.5874146E+02
   1 0.7727178E+02
   3 0.7689484E+02
   1 0.7679486E+02
   1 0.7715729E+02
   2 0.7766776E+02
   1 0.7757951E+02
   1 0.7792752E+02
   3 0.7711361E+02
   2 0.7724114E+02
   2 0.7771311E+02
   1 0.7733118E+02
   3 0.7748534E+02
   2 0.7664659E+02
   2 0.7838680E+02
   1 0.7745920E+02
   1 0.7713962E+02
   3 0.7679722E+02
   1 0.7728493E+02
   2 0.7705493E+02
   1 0.7728218E+02
   1 0.7780527E+02
   2 0.7788048E+02
   1 0.7605309E+02
   2 0.7658838E+02
   1 0.6937225E+02
   2 0.7418160E+02
   3 0.7655102E+02
   1 0.7822522E+02
   2 0.7728489E+02
   3 0.7670408E+02
   1 0.7680908E+02
   2 0.7708986E+02
   3 0.7686576E+02
   1 0.7669424E+02
   3 0.5432818E+02
   3 0.7719405E+02
   2 0.7720975E+02
   1 0.7737322E+02
   2 0.7644183E+02
   1 0.7770785E+02
   1 0.7692206E+02
   3 0.7671261E+02
   1 0.7733697E+02
   2 0.7706234E+02
   1 0.7703092E+02
   2 0.7688176E+02
   1 0.7630761E+02
   2 0.7722203E+02
   3 0.7757486E+02
   1 0.7716110E+02
   2 0.7665150E+02
   3 0.7712806E+02
   2 0.7663355E+02
   1 0.7683220E+02
   3 0.7653740E+02
   1 0.7677004E+02
   1 0.5172507E+02
   3 0.7821091E+02
   2 0.7722994E+02
   2 0.4666646E+02
   2 0.7695080E+02
   1 0.7705439E+02
   3 0.7712121E+02
   2 0.7693414E+02
   1 0.7720137E+02
   3 0.7707818E+02
   2 0.7663114E+02
   1 0.7705995E+02
   1 0.7671169E+02
   1 0.7726187E+02
   1 0.4593440E+02
   2 0.7713236E+02
   3 0.7719536E+02
   2 0.6101241E+02
   2 0.7712321E+02
   3 0.7674267E+02
   1 0.7725072E+02
   3 0.7681049E+02
   1 0.7696453E+02
   1 0.7724501E+02
   2 0.7711911E+02
   3 0.7688935E+02
   1 0.7703592E+02
   1 0.4590878E+02
   2 0.7734535E+02
   2 0.7771633E+02
   3 0.7741572E+02
   2 0.7666383E+02
   2 0.7685588E+02
   1 0.7669046E+02
   1 0.6099233E+02
   1 0.7732249E+02
   1 0.7749737E+02
   3 0.7668878E+02
   2 0.7675663E+02
   1 0.7698694E+02
   3 0.7702620E+02
   2 0.7666447E+02
   1 0.7763960E+02
   3 0.7700003E+02
   2 0.7655074E+02
   3 0.7708654E+02
   3 0.6883398E+02
   1 0.7737558E+02
   2 0.7662239E+02
   2 0.7671254E+02
   2 0.7695754E+02
   1 0.7690894E+02
   2 0.7730247E+02
   3 0.7666327E+02
   2 0.7615934E+02
   3 0.7697275E+02
   3 0.7819419E+02
   2 0.7685918E+02
   3 0.7674299E+02
   2 0.7731757E+02
   1 0.7718330E+02
   3 0.6126636E+02
   2 0.7662691E+02
   1 0.7656309E+02
   1 0.7699011E+02
   3 0.7709325E+02
   2 0.7692979E+02
   1 0.7758709E+02
   1 0.7716415E+02
   1 0.7651772E+02
   3 0.7754008E+02
   2 0.7691787E+02
   1 0.7665142E+02
   3 0.7712450E+02
   2 0.7708803E+02
   1 0.7707825E+02
   3 0.7737573E+02
   2 0.7712419E+02
   3 0.7729158E+02
   1 0.7702874E+02
   1 0.7689484E+02
   3 0.7665704E+02
   3 0.7778988E+02
   1 0.7664786E+02
   2 0.7730011E+02
   1 0.7626003E+02
   2 0.7694873E+02
   3 0.7725056E+02
   1 0.7706651E+02
   2 0.7671040E+02
   3 0.7726976E+02
   1 0.7704330E+02
   2 0.7731940E+02
   2 0.7678795E+02
   3 0.7687045E+02
   2 0.6421192E+02
   1 0.7667947E+02
   3 0.7696299E+02
   2 0.7678748E+02
   1 0.7758529E+02
   1 0.7631834E+02
   3 0.7684146E+02
   2 0.7712672E+02
   2 0.7731835E+02
   1 0.7764630E+02
   2 0.7669816E+02
   3 0.7718387E+02
   2 0.7765050E+02
   3 0.7720076E+02
   3 0.7769287E+02
   1 0.7711432E+02
   1 0.7697876E+02
   2 0.7662921E+02
   2 0.7792821E+02
   3 0.7738093E+02
   1 0.7844280E+02
   2 0.7673201E+02
   1 0.7813685E+02
   1 0.7759634E+02
   2 0.7686186E+02
   3 0.7724793E+02
   2 0.7773263E+02
   3 0.7661988E+02
   2 0.7686388E+02
   2 0.7688263E+02
   1 0.7744477E+02
   1 0.5508889E+02
   2 0.7695089E+02
   1 0.7730480E+02
   3 0.7730752E+02
   2 0.7751852E+02
   1 0.7624712E+02
   1 0.7808873E+02
   1 0.1655030E+02
   3 0.7680864E+02
   1 0.7674004E+02
   2 0.7701258E+02
   3 0.7699923E+02
   1 0.7661395E+02
   2 0.7715369E+02
   1 0.7724901E+02
   3 0.7722500E+02
   2 0.7699346E+02
   1 0.7705272E+02
   2 0.7669428E+02
   2 0.7754632E+02
   3 0.7687269E+02
   1 0.7648810E+02
   2 0.7783037E+02
   1 0.7651534E+02
   2 0.7769807E+02
   1 0.7742765E+02
   1 0.7741388E+02
   3 0.7692250E+02
   2 0.7717476E+02
   1 0.7693361E+02
   1 0.7755530E+02
   3 0.7684572E+02
   1 0.7678579E+02
   2 0.7665864E+02
   3 0.7707487E+02
   1 0.7736893E+02
   2 0.7686360E+02
   3 0.7690419E+02
   2 0.7696274E+02
   3 0.7705775E+02
   2 0.7679651E+02
   1 0.7716105E+02
   3 0.7688203E+02
   3 0.7616955E+02
   2 0.7711692E+02
   2 0.7797797E+02
   1 0.7710951E+02
   2 0.7750589E+02
   1 0.7385020E+02
   1 0.7635941E+02
   3 0.7654757E+02
   3 0.7650522E+02
   2 0.7691286E+02
   3 0.7704063E+02
   2 0.7611588E+02
   3 0.7658008E+02
   1 0.7724335E+02
   3 0.3791376E+02
   2 0.7691562E+02
   1 0.7716880E+02
   3 0.7698950E+02
   2 0.7665962E+02
   2 0.7103481E+02
   1 0.7714241E+02
   2 0.7697783E+02
   3 0.7705856E+02
   3 0.5546123E+02
   1 0.7699371E+02
   2 0.7618005E+02
   3 0.7727251E+02
   1 0.7697529E+02
   2 0.7759202E+02
   1 0.7724781E+02
   3 0.7714017E+02
   3 0.7601696E+02
   2 0.7637001E+02
   3 0.7696113E+02
   1 0.7710082E+02
   1 0.7717619E+02
   2 0.7720128E+02
   3 0.7703845E+02
   2 0.7724497E+02
   3 0.7723586E+02
   1 0.7751801E+02
   1 0.7764824E+02
   1 0.7761258E+02
   2 0.7755075E+02
   1 0.5181541E+02
   1 0.4654228E+02
   3 0.7727763E+02
   2 0.7674639E+02
   2 0.7666975E+02
   2 0.7728502E+02
   1 0.7709323E+02
   3 0.7681736E+02
   2 0.7661269E+02
   1 0.7704200E+02
   3 0.7738359E+02
   2 0.7687128E+02
   3 0.7711702E+02
   1 0.7716745E+02
   2 0.7705498E+02
   3 0.7704902E+02
   2 0.7712697E+02
   3 0.6878124E+02
   2 0.7706098E+02
   3 0.7609088E+02
   1 0.7726951E+02
   1 0.7659029E+02
   1 0.7753582E+02
   2 0.7657496E+02
   1 0.7673520E+02
   3 0.7715697E+02
   2 0.7634387E+02
   1 0.7603344E+02
   2 0.6913740E+02
   1 0.7664649E+02
   1 0.7585459E+02
   3 0.7755352E+02
   3 0.7604879E+02
   2 0.7698482E+02
   1 0.7633889E+02
   2 0.7744136E+02
   3 0.7669589E+02
   1 0.7650225E+02
   2 0.7717827E+02
   3 0.7775129E+02
   3 0.7704588E+02
   3 0.7685076E+02
   1 0.7751922E+02
   3 0.7644815E+02
   2 0.7711939E+02
   1 0.7684083E+02
   2 0.7694798E+02
   3 0.7762598E+02
   1 0.7658938E+02
   3 0.7751403E+02
   2 0.7690247E+02
   2 0.7633104E+02
   3 0.7666411E+02
   2 0.7720318E+02
   1 0.7708687E+02
   2 0.7618532E+02
   3 0.7691322E+02
   1 0.7685404E+02
   2 0.7718885E+02
   1 0.7713124E+02
   2 0.7787626E+02
   3 0.7721395E+02
   1 0.7691770E+02
   2 0.7684503E+02
   1 0.7704264E+02
   2 0.7764705E+02
   1 0.7767044E+02
   2 0.7659897E+02
   1 0.7665878E+02
   1 0.7727275E+02
   2 0.7733803E+02
   3 0.7762190E+02
   1 0.4092032E+02
   1 0.7709290E+02
   3 0.7766051E+02
   1 0.7711418E+02
   3 0.6483893E+02
   3 0.7690331E+02
   2 0.7733977E+02
   2 0.7683422E+02
   1 0.7721754E+02
   3 0.7654570E+02
   3 0.7693671E+02
   2 0.7737166E+02
   1 0.7672154E+02
   3 0.7607944E+02
   1 0.7727561E+02
   2 0.7701276E+02
   3 0.7718491E+02
   3 0.7741282E+02
   1 0.7664716E+02
   1 0.7622364E+02
   1 0.7780495E+02
   2 0.7695282E+02
   1 0.7728386E+02
   3 0.7718081E+02
   3 0.7653085E+02
   2 0.7718405E+02
   3 0.7774766E+02
   1 0.7800611E+02
   2 0.7437159E+02
   1 0.7705597E+02
   3 0.7686215E+02
   2 0.7710836E+02
   3 0.7751627E+02
   1 0.7703138E+02
   1 0.7674958E+02
   2 0.7761039E+02
   1 0.7716611E+02
   3 0.7673039E+02
   2 0.7683759E+02
   2 0.7808390E+02
   1 0.7755433E+02
   3 0.7705122E+02
   2 0.7645409E+02
   2 0.7736433E+02
   2 0.7707150E+02
   2 0.7747956E+02
   1 0.7665269E+02
   1 0.7746039E+02
   3 0.7730209E+02
   2 0.7767811E+02
   3 0.3094476E+02
   1 0.7624231E+02
   2 0.7693618E+02
   2 0.7776101E+02
   1 0.7680441E+02
   1 0.7753833E+02
   2 0.7690449E+02
   1 0.7703364E+02
   3 0.7713712E+02
   3 0.7711114E+02
   3 0.5780665E+02
   3 0.7693994E+02
   2 0.7705239E+02
   1 0.7728975E+02
   1 0.5594523E+02
   1 0.7749406E+02
   1 0.7758651E+02
   3 0.7726372E+02
   2 0.7748371E+02
   3 0.7689830E+02
   3 0.7583104E+02
   1 0.7737707E+02
   2 0.7733221E+02
   1 0.7687133E+02
   1 0.7786666E+02
   2 0.7659745E+02
   2 0.7660495E+02
   1 0.7643548E+02
   3 0.7705000E+02
   1 0.7708306E+02
   1 0.7772205E+02
   1 0.7630407E+02
   2 0.7737162E+02
   2 0.3090136E+02
   3 0.7712095E+02
   2 0.7716126E+02
   3 0.7756438E+02
   3 0.7800050E+02
   2 0.7691241E+02
   3 0.7286579E+02
   1 0.7722023E+02
   3 0.3205572E+02
   1 0.3369840E+02
   2 0.7700899E+02
   2 0.3398214E+02
   3 0.7706230E+02
   1 0.7777957E+02
   2 0.7662677E+02
   3 0.7662051E+02
   1 0.7744440E+02
   2 0.7647356E+02
   1 0.7667434E+02
   1 0.7725845E+02
   3 0.7740328E+02
   2 0.7715550E+02
   3 0.7699569E+02
   3 0.7748431E+02
   2 0.7686545E+02
   1 0.7754503E+02
   3 0.7681532E+02
   1 0.7759721E+02
   2 0.7732610E+02
   3 0.7658368E+02
   3 0.7648223E+02
   1 0.7731757E+02
   2 0.7683649E+02
   3 0.7698870E+02
   1 0.7656831E+02
   2 0.7666053E+02
   3 0.7650942E+02
   1 0.7642849E+02
   2 0.7734636E+02
   1 0.7736943E+02
   2 0.7645160E+02
   3 0.7690896E+02
   3 0.4272283E+02
   1 0.7719448E+02
   3 0.7728211E+02
   2 0.7699979E+02
   3 0.7712139E+02
   1 0.7702670E+02
   3 0.7711240E+02
   3 0.7714814E+02
   3 0.2459489E+02
   3 0.7701574E+02
   2 0.7712533E+02
   3 0.6718977E+02
   1 0.7664846E+02
   1 0.6673796E+02
   1 0.7727371E+02
   1 0.1233794E+02
   2 0.7677017E+02
   1 0.7698741E+02
   2 0.4157721E+02
   3 0.7711614E+02
   1 0.7747365E+02
   3 0.7683577E+02
   1 0.7711159E+02
   3 0.7712292E+02
   3 0.7710815E+02
   3 0.7734449E+02
   2 0.7683256E+02
   2 0.7683763E+02
   1 0.7725175E+02
   1 0.7727356E+02
   2 0.7691591E+02
   2 0.7737590E+02
   1 0.7630062E+02
   3 0.7738156E+02
   2 0.7739086E+02
   1 0.7812817E+02
   3 0.7777274E+02
   3 0.7640847E+02
   2 0.7717023E+02
   1 0.7676267E+02
   3 0.7745784E+02
   3 0.7643284E+02
   2 0.7750410E+02
   3 0.7747903E+02
   1 0.7717255E+02
   2 0.7595812E+02
   3 0.7625709E+02
   2 0.7710549E+02
   2 0.7712492E+02
   2 0.1667948E+02
   1 0.7678202E+02
   2 0.7734122E+02
   3 0.7730805E+02
   3 0.7369384E+02
   2 0.7657641E+02
   3 0.7722559E+02
   2 0.7563806E+02
   1 0.7654247E+02
   1 0.7713713E+02
   1 0.7780720E+02
   3 0.7672695E+02
   3 0.3537663E+02
   2 0.7713289E+02
   1 0.7727741E+02
   1 0.7712851E+02
   3 0.7722931E+02
   1 0.7735593E+02
   2 0.7730467E+02
   1 0.7692822E+02
   2 0.7636047E+02
   2 0.7734647E+02
   3 0.7749340E+02
   2 0.7649370E+02
   1 0.7686791E+02
   3 0.7691939E+02
   2 0.7767700E+02
   2 0.7695336E+02
   1 0.7716211E+02
   2 0.7714464E+02
   2 0.7740365E+02
   3 0.7676063E+02
   2 0.7804689E+02
   1 0.7690987E+02
   3 0.7688113E+02
   1 0.3278725E+02
   3 0.7717729E+02
   2 0.7698264E+02
   2 0.7720304E+02
   1 0.7704843E+02
   1 0.7713903E+02
   3 0.7726464E+02
   1 0.7706884E+02
   3 0.7740028E+02
   1 0.7752264E+02
   3 0.7655696E+02
   1 0.7761960E+02
   2 0.7711837E+02
   1 0.7697459E+02
   3 0.7679454E+02
   2 0.7631690E+02
   3 0.7671851E+02
   3 0.7768943E+02
   3 0.7626534E+02
   1 0.7682793E+02
   2 0.7659191E+02
   2 0.7729072E+02
   3 0.7767134E+02
   1 0.7706327E+02
   3 0.7716977E+02
   3 0.7695633E+02
   2 0.7724966E+02
   1 0.7647253E+02
   3 0.7643039E+02
   2 0.7623133E+02
   1 0.7761150E+02
   3 0.7677303E+02
   3 0.7659444E+02
   2 0.7728503E+02
   3 0.7675808E+02
   2 0.7717541E+02
   1 0.7736661E+02
   2 0.7689485E+02
   2 0.5722112E+02
   1 0.7678950E+02
   2 0.7752229E+02
   3 0.7736531E+02
   3 0.7661003E+02
   1 0.7742918E+02
   2 0.7631598E+02
   1 0.7650100E+02
   2 0.7632533E+02
   2 0.7743420E+02
   1 0.7715004E+02
   2 0.7858720E+02
   2 0.6528554E+02
   3 0.7728276E+02
   1 0.7680435E+02
   2 0.7710308E+02
   2 0.7701492E+02
   2 0.7763828E+02
   2 0.7697944E+02
   3 0.7701918E+02
   2 0.7678818E+02
   1 0.7736923E+02
   1 0.4247184E+02
   2 0.7694323E+02
   1 0.7703205E+02
   2 0.7796533E+02
   2 0.7651079E+02
   3 0.7681204E+02
   3 0.7777741E+02
   2 0.7722230E+02
   2 0.5422341E+02
   1 0.7655380E+02
   2 0.7755141E+02
   1 0.7719234E+02
   2 0.7765969E+02
   1 0.7681955E+02
   3 0.7710936E+02
   2 0.7727765E+02
   1 0.7834055E+02
   3 0.7778545E+02
   2 0.7692838E+02
   1 0.7757440E+02
   3 0.7742769E+02
   1 0.7685675E+02
   3 0.7685575E+02
   2 0.7715935E+02
   2 0.7740053E+02
   1 0.7683744E+02
   2 0.7737860E+02
   1 0.7741854E+02
   3 0.7717749E+02
   2 0.7657301E+02
   1 0.7677655E+02
   2 0.7782573E+02
   2 0.7698669E+02
   1 0.7610064E+02
   1 0.7672642E+02
   3 0.7714529E+02
   1 0.7698399E+02
   3 0.7721339E+02
   3 0.7689119E+02
   2 0.7694688E+02
   3 0.7675376E+02
   2 0.7668111E+02
   3 0.7746145E+02
   1 0.7723470E+02
   3 0.7683530E+02
   3 0.7678123E+02
   2 0.7688832E+02
   2 0.5139023E+02
   2 0.7744814E+02
   1 0.7726153E+02
   2 0.7589628E+02
   1 0.7723870E+02
   1 0.7803296E+02
   3 0.7715180E+02
   2 0.7683496E+02
   1 0.7750585E+02
   3 0.7694025E+02
   2 0.7741129E+02
   1 0.7711558E+02
