   3 0.3260635E+02
   1 0.4482023E+02
   2 0.4333923E+02
   2 0.4571095E+02
   3 0.4459204E+02
   1 0.4400281E+02
   2 0.4461148E+02
   2 0.4450702E+02
   3 0.4455220E+02
   1 0.4489345E+02
   2 0.4406514E+02
   3 0.4387596E+02
   2 0.4449589E+02
   1 0.4452687E+02
   1 0.4300824E+02
   3 0.4377744E+02
   2 0.4495916E+02
   3 0.4394624E+02
   2 0.4078367E+02
   1 0.4427410E+02
   3 0.4125393E+02
   2 0.4406620E+02
   1 0.4413173E+02
   3 0.4389916E+02
   2 0.4364009E+02
   1 0.4430477E+02
   3 0.4425333E+02
   2 0.4379635E+02
   1 0.4425274E+02
   3 0.4487558E+02
   2 0.4402164E+02
   1 0.4423599E+02
   3 0.4425703E+02
   1 0.4358652E+02
   3 0.4499311E+02
   2 0.4450368E+02
   1 0.4410471E+02
   3 0.4374923E+02
   2 0.4416566E+02
   3 0.4548895E+02
   2 0.4482717E+02
   1 0.4439477E+02
   3 0.4409927E+02
   3 0.4443037E+02
   2 0.4361069E+02
   2 0.4447698E+02
   1 0.4378673E+02
   3 0.4441036E+02
   2 0.4378801E+02
   1 0.4412779E+02
   3 0.4397295E+02
   2 0.4392636E+02
   1 0.4410019E+02
   1 0.4270472E+02
   3 0.4417769E+02
   3 0.4393814E+02
   2 0.4409275E+02
   3 0.4434461E+02
   1 0.4480404E+02
   2 0.4388704E+02
   2 0.4463949E+02
   3 0.4384024E+02
   1 0.4437002E+02
   2 0.4428489E+02
   3 0.4412326E+02
   1 0.4406028E+02
   3 0.4546106E+02
   2 0.4453741E+02
   1 0.4547359E+02
   3 0.4418972E+02
   2 0.4432145E+02
   1 0.4463506E+02
   3 0.4392266E+02
   2 0.4440894E+02
   1 0.4446467E+02
   3 0.4472643E+02
   2 0.4384424E+02
   1 0.4481581E+02
   3 0.4432643E+02
   2 0.4494658E+02
   3 0.4442022E+02
   1 0.4419992E+02
   2 0.4388701E+02
   1 0.4406651E+02
   3 0.4408607E+02
   2 0.4393304E+02
   1 0.4336069E+02
   3 0.4345564E+02
   2 0.4361747E+02
   1 0.4395856E+02
   3 0.4446532E+02
   2 0.4449676E+02
   1 0.4402817E+02
   3 0.4391699E+02
   2 0.4344136E+02
   2 0.4362668E+02
   1 0.4452972E+02
   3 0.4437634E+02
   3 0.4506576E+02
   2 0.4462772E+02
   2 0.4503035E+02
   1 0.4417478E+02
   1 0.4428227E+02
   3 0.4462367E+02
   2 0.4390153E+02
   3 0.4431074E+02
   1 0.4415309E+02
   3 0.4509524E+02
   1 0.4452036E+02
   2 0.4412799E+02
   2 0.7353620E+01
   3 0.4421401E+02
   1 0.4483950E+02
   2 0.4496689E+02
   3 0.4444799E+02
   1 0.4447879E+02
   3 0.4439616E+02
   1 0.4418313E+02
   2 0.4432043E+02
   3 0.4436705E+02
   1 0.4422384E+02
   3 0.4434526E+02
   2 0.4432024E+02
   3 0.4439109E+02
   2 0.4426252E+02
   1 0.4361212E+02
   3 0.4440527E+02
   2 0.4405800E+02
   1 0.4409302E+02
   1 0.4466510E+02
   3 0.4431727E+02
   1 0.4456314E+02
   2 0.4452125E+02
   3 0.4398141E+02
   2 0.3945800E+02
   2 0.2735389E+02
   2 0.4465845E+02
   1 0.4484608E+02
   3 0.4442559E+02
   2 0.4467970E+02
   1 0.4395819E+02
   2 0.4456800E+02
   3 0.4449405E+02
   2 0.4508794E+02
   1 0.4444433E+02
   3 0.4428482E+02
   2 0.4436446E+02
   2 0.4428249E+02
   1 0.4430726E+02
   1 0.1325543E+02
   3 0.4482734E+02
   2 0.4529551E+02
   1 0.4456375E+02
   3 0.4437683E+02
   2 0.4397878E+02
   1 0.4446306E+02
   3 0.4468562E+02
   2 0.4408098E+02
   2 0.4550660E+02
   1 0.4448471E+02
   1 0.4526061E+02
   3 0.4426257E+02
   1 0.4420684E+02
   2 0.4451259E+02
   2 0.4357705E+02
   3 0.4528780E+02
   1 0.4473073E+02
   2 0.4412152E+02
   3 0.4415851E+02
   1 0.4465957E+02
   1 0.4517508E+02
   2 0.4478746E+02
   3 0.4436467E+02
   1 0.4341859E+02
   2 0.4467687E+02
   3 0.4358558E+02
   1 0.4450499E+02
   1 0.4512336E+02
   2 0.4536519E+02
   3 0.4407823E+02
   1 0.4503074E+02
   1 0.4359405E+02
   2 0.4485688E+02
   3 0.4422575E+02
   3 0.4406856E+02
   1 0.4460328E+02
   2 0.4479281E+02
   2 0.4495320E+02
   3 0.4432397E+02
   3 0.4493819E+02
   1 0.4423940E+02
   2 0.4413294E+02
   2 0.4407182E+02
   3 0.4436737E+02
   1 0.4479078E+02
   2 0.4488011E+02
   3 0.4400518E+02
   1 0.4461423E+02
   2 0.4442514E+02
   3 0.4520537E+02
   1 0.4495252E+02
   2 0.4450187E+02
   3 0.4406128E+02
   1 0.4437357E+02
   2 0.4386032E+02
   3 0.4465818E+02
   1 0.4494183E+02
   2 0.4433785E+02
   3 0.4407085E+02
   1 0.4358464E+02
   2 0.4451526E+02
   2 0.4426098E+02
   2 0.4403797E+02
   3 0.4480377E+02
   1 0.4445243E+02
   1 0.4512404E+02
   2 0.4479789E+02
   3 0.4396132E+02
   1 0.4448897E+02
   1 0.4469193E+02
   2 0.4446945E+02
   3 0.4449783E+02
   1 0.4386732E+02
   2 0.4470442E+02
   3 0.4412242E+02
   1 0.4488108E+02
   2 0.4478077E+02
   3 0.4438798E+02
   1 0.4442665E+02
   2 0.4451953E+02
   3 0.4418719E+02
   3 0.4410767E+02
   1 0.4395956E+02
   2 0.4382605E+02
   3 0.4412543E+02
   1 0.4373876E+02
   2 0.4443435E+02
   3 0.4415932E+02
   1 0.4491946E+02
   2 0.4384039E+02
   2 0.4466210E+02
   3 0.4429644E+02
   2 0.4411986E+02
   1 0.4337938E+02
   1 0.4404082E+02
   1 0.4299180E+02
   3 0.4469639E+02
   2 0.4477056E+02
   1 0.4482122E+02
   2 0.4367248E+02
   3 0.4414362E+02
   1 0.4409355E+02
   2 0.4426401E+02
   2 0.4497331E+02
   2 0.4387736E+02
   3 0.4433286E+02
   1 0.4463425E+02
   3 0.1523802E+02
   1 0.4465780E+02
   2 0.4429236E+02
   1 0.4438290E+02
   1 0.4465929E+02
   3 0.4400646E+02
   3 0.4457360E+02
   2 0.4401865E+02
   1 0.4440671E+02
   1 0.4496041E+02
   3 0.4427345E+02
   3 0.4524497E+02
   2 0.4483522E+02
   3 0.4408555E+02
   3 0.4534889E+02
   1 0.4453988E+02
   2 0.4486083E+02
   3 0.4501257E+02
   1 0.4493715E+02
   3 0.4375852E+02
   2 0.4415538E+02
   1 0.4466638E+02
   3 0.4460086E+02
   2 0.4422507E+02
   1 0.4432146E+02
   3 0.4427232E+02
   2 0.4451076E+02
   3 0.4400381E+02
   1 0.4387705E+02
   2 0.4455834E+02
   3 0.4353297E+02
   2 0.4343314E+02
   1 0.4420076E+02
   1 0.4464004E+02
   3 0.4390192E+02
   1 0.4421288E+02
   2 0.4441708E+02
   3 0.4451920E+02
   1 0.4472812E+02
   2 0.4444713E+02
   3 0.4385643E+02
   1 0.4456109E+02
   2 0.4424651E+02
   3 0.4455279E+02
   1 0.4496382E+02
   2 0.4442419E+02
   3 0.4447529E+02
   1 0.4376123E+02
   3 0.4394256E+02
   2 0.4475226E+02
   1 0.4422607E+02
   3 0.4378522E+02
   2 0.4427796E+02
   1 0.4431221E+02
   3 0.4383510E+02
   2 0.4343506E+02
   1 0.4479645E+02
   3 0.4480499E+02
   2 0.4429768E+02
   1 0.4474159E+02
   2 0.2036516E+02
   3 0.4324979E+02
   2 0.4452159E+02
   1 0.4418662E+02
   3 0.4396016E+02
   2 0.4446907E+02
   2 0.4442531E+02
   1 0.4501256E+02
   3 0.4453291E+02
   2 0.4400221E+02
   3 0.4396824E+02
   1 0.4385288E+02
   3 0.4500462E+02
   1 0.4524173E+02
   2 0.4439024E+02
   3 0.4414997E+02
   1 0.4425965E+02
   2 0.4367622E+02
   3 0.4376249E+02
   1 0.4475036E+02
   2 0.4409489E+02
   3 0.4413329E+02
   1 0.4457660E+02
   2 0.4486256E+02
   2 0.4380568E+02
   2 0.4427185E+02
   3 0.4437434E+02
   1 0.4385673E+02
   2 0.4420272E+02
   3 0.4420690E+02
   1 0.4460398E+02
   2 0.4455150E+02
   3 0.4459693E+02
   1 0.4443396E+02
   2 0.4385116E+02
   3 0.4385118E+02
   1 0.4463829E+02
   2 0.4409140E+02
   1 0.4452442E+02
   3 0.4391833E+02
   3 0.4517329E+02
   2 0.4393285E+02
   3 0.3737279E+02
   1 0.4538895E+02
   2 0.4387942E+02
   3 0.4407125E+02
   1 0.4435950E+02
   3 0.4442333E+02
   2 0.4504085E+02
   1 0.4516126E+02
   3 0.4472470E+02
   2 0.4469995E+02
   3 0.4444351E+02
   1 0.4445867E+02
   1 0.4495163E+02
   2 0.4461173E+02
   3 0.4453898E+02
   3 0.4511267E+02
   3 0.4469005E+02
   2 0.4383723E+02
   1 0.4462332E+02
   3 0.4461215E+02
   2 0.4490270E+02
   1 0.4425084E+02
   3 0.4440211E+02
   2 0.4454781E+02
   1 0.4407175E+02
   3 0.4446032E+02
   2 0.4392930E+02
   1 0.4360808E+02
   3 0.4459431E+02
   2 0.4380235E+02
   1 0.4438823E+02
   2 0.4485801E+02
   3 0.4376230E+02
   1 0.4429042E+02
   2 0.4429454E+02
   3 0.4455958E+02
   1 0.4449804E+02
   2 0.4419709E+02
   3 0.4485632E+02
   3 0.4501021E+02
   1 0.4388095E+02
   2 0.4382211E+02
   3 0.4404846E+02
   3 0.4480768E+02
   1 0.4419736E+02
   2 0.4476303E+02
   2 0.4395055E+02
   3 0.4452573E+02
   1 0.4482498E+02
   2 0.4372305E+02
   3 0.4433477E+02
   1 0.4475097E+02
   2 0.4419357E+02
   1 0.4420567E+02
   3 0.4393633E+02
   2 0.4401098E+02
   1 0.4478576E+02
   3 0.4414032E+02
   1 0.4461670E+02
   2 0.4439051E+02
   3 0.4405655E+02
   3 0.4476516E+02
   2 0.4420868E+02
   1 0.4408692E+02
   3 0.4479102E+02
   2 0.4400089E+02
   1 0.4402503E+02
   3 0.4499054E+02
   2 0.4434383E+02
   1 0.4437059E+02
   3 0.4415827E+02
   3 0.4515910E+02
   3 0.4467186E+02
   2 0.4436319E+02
   1 0.4441558E+02
   3 0.4419230E+02
   2 0.4453207E+02
   3 0.4422663E+02
   1 0.4361765E+02
   2 0.4551107E+02
   1 0.4504130E+02
   2 0.4466941E+02
   1 0.4526144E+02
   1 0.4458027E+02
   3 0.4394285E+02
   2 0.4458097E+02
   1 0.4457827E+02
   3 0.4380562E+02
   2 0.4397624E+02
   1 0.4396678E+02
   3 0.4403418E+02
   1 0.4507826E+02
   1 0.4384920E+02
   1 0.4495374E+02
   2 0.4525383E+02
   3 0.4474621E+02
   2 0.4394417E+02
   1 0.4493770E+02
   3 0.4405205E+02
   2 0.4518462E+02
   1 0.4514220E+02
   3 0.4423126E+02
   2 0.4460255E+02
   3 0.4338850E+02
   1 0.4405119E+02
   2 0.4465624E+02
   3 0.4405948E+02
   1 0.4428134E+02
   2 0.4448326E+02
   3 0.4421978E+02
   2 0.4421082E+02
   1 0.4373938E+02
   1 0.4414088E+02
   3 0.4438847E+02
   2 0.4433967E+02
   1 0.4421161E+02
   3 0.4420002E+02
   2 0.4431016E+02
   1 0.4480727E+02
   3 0.4388480E+02
   2 0.4415537E+02
   3 0.3556287E+02
   1 0.4406965E+02
   2 0.4345935E+02
   3 0.4428720E+02
   1 0.4472635E+02
   3 0.4371686E+02
   1 0.4381201E+02
   2 0.4432221E+02
   1 0.4403374E+02
   1 0.4431693E+02
   3 0.4403047E+02
   3 0.3564535E+02
   2 0.4397220E+02
   1 0.4385125E+02
   3 0.4425351E+02
   2 0.4459547E+02
   2 0.4440415E+02
   1 0.4506478E+02
   3 0.4434413E+02
   2 0.4442016E+02
