   3 0.2820348E+02
   1 0.2779906E+02
   2 0.2816237E+02
   3 0.2857903E+02
   2 0.2833477E+02
   1 0.2713690E+02
   3 0.2747741E+02
   1 0.2864624E+02
   2 0.2821263E+02
   1 0.2781943E+02
   2 0.2817137E+02
   3 0.2779583E+02
   3 0.2836055E+02
   2 0.2786477E+02
   1 0.2818219E+02
   3 0.2882054E+02
   1 0.2822901E+02
   2 0.2720674E+02
   3 0.2680986E+02
   1 0.2827364E+02
   2 0.2781126E+02
   3 0.2706615E+02
   1 0.2721958E+02
   2 0.2780887E+02
   3 0.2820761E+02
   1 0.2725694E+02
   2 0.2801502E+02
   3 0.2766448E+02
   2 0.2771690E+02
   1 0.2764444E+02
   3 0.2802816E+02
   1 0.2908361E+02
   2 0.2923066E+02
   3 0.2739001E+02
   1 0.2810827E+02
   2 0.2771642E+02
   3 0.2842167E+02
   1 0.2836671E+02
   2 0.2812047E+02
   3 0.2816646E+02
   1 0.2781947E+02
   2 0.2761343E+02
   3 0.2733258E+02
   1 0.2769094E+02
   2 0.2763605E+02
   3 0.2776328E+02
   1 0.2822709E+02
   2 0.2740405E+02
   2 0.2886047E+02
   3 0.2773604E+02
   1 0.2830252E+02
   2 0.2775871E+02
   3 0.2828689E+02
   1 0.2635391E+02
   2 0.2780124E+02
   3 0.2813117E+02
   1 0.2785082E+02
   2 0.2853458E+02
   3 0.2803785E+02
   1 0.2797126E+02
   2 0.2877708E+02
   3 0.2806855E+02
   3 0.2785789E+02
   1 0.2767063E+02
   2 0.2791668E+02
   3 0.2843299E+02
   1 0.2857723E+02
   2 0.2754865E+02
   3 0.2860388E+02
   1 0.2863905E+02
   2 0.2793733E+02
   3 0.2733529E+02
   1 0.2843578E+02
   2 0.2778045E+02
   3 0.2786489E+02
   1 0.2779085E+02
   2 0.2672472E+02
   3 0.2708201E+02
   1 0.2724547E+02
   2 0.2863955E+02
   3 0.2762378E+02
   1 0.2810242E+02
   2 0.2811649E+02
   3 0.2732644E+02
   1 0.2721230E+02
   2 0.2829610E+02
   3 0.2817873E+02
   1 0.2807865E+02
   2 0.2739833E+02
   2 0.2853615E+02
   3 0.2808089E+02
   1 0.2773762E+02
   2 0.2730913E+02
   3 0.2741833E+02
   1 0.2778348E+02
   2 0.2746711E+02
   2 0.2841586E+02
   3 0.2886035E+02
   1 0.2686821E+02
   2 0.2794143E+02
   3 0.2712862E+02
   1 0.2750702E+02
   1 0.2909981E+02
   2 0.2793219E+02
   3 0.2829827E+02
   1 0.2777639E+02
   2 0.2712871E+02
   3 0.2817302E+02
   2 0.2825658E+02
   1 0.2831238E+02
   3 0.2744005E+02
   2 0.2875554E+02
   1 0.2811524E+02
   3 0.2788780E+02
   2 0.2856760E+02
   1 0.2844051E+02
   3 0.2732783E+02
   2 0.2873691E+02
   1 0.2722887E+02
   3 0.2886027E+02
   2 0.2812167E+02
   1 0.2779029E+02
   1 0.2703018E+02
   3 0.2822597E+02
   2 0.2739851E+02
   1 0.2808940E+02
   3 0.2829279E+02
   2 0.2738478E+02
   2 0.1166246E+02
   1 0.2785461E+02
   3 0.2843207E+02
   2 0.2755552E+02
   1 0.2791355E+02
   3 0.2710086E+02
   2 0.2812484E+02
   1 0.2786555E+02
   3 0.2725882E+02
   2 0.2715777E+02
   1 0.2818078E+02
   3 0.2780798E+02
   2 0.2771989E+02
   1 0.2754614E+02
   3 0.2760480E+02
   2 0.2770523E+02
   1 0.2769331E+02
   3 0.2830804E+02
   2 0.2791325E+02
   1 0.2816508E+02
   3 0.2854269E+02
   2 0.2855490E+02
   1 0.2811114E+02
   3 0.2763566E+02
   2 0.2782219E+02
   1 0.2849248E+02
   3 0.2901269E+02
   3 0.2835618E+02
   2 0.2723804E+02
   1 0.2779702E+02
   3 0.2764602E+02
   2 0.2813757E+02
   1 0.2731606E+02
   1 0.2864490E+02
   3 0.2797482E+02
   2 0.2851822E+02
   1 0.2825307E+02
   3 0.2748286E+02
   2 0.2749132E+02
   1 0.2804813E+02
   3 0.2796656E+02
   2 0.2702684E+02
   1 0.2865539E+02
   3 0.2802788E+02
   2 0.2797182E+02
   1 0.2865937E+02
   3 0.2792673E+02
   2 0.2719522E+02
   2 0.2868056E+02
   1 0.2677201E+02
   3 0.2754636E+02
   2 0.2710300E+02
   1 0.2754331E+02
   3 0.2686742E+02
   2 0.2876613E+02
   1 0.2841160E+02
   3 0.2851810E+02
   2 0.2685080E+02
   1 0.2777158E+02
   3 0.2863763E+02
   2 0.2769339E+02
   1 0.2773362E+02
   3 0.2799825E+02
   2 0.2795325E+02
   1 0.2798144E+02
   3 0.2841809E+02
   2 0.2817919E+02
   1 0.2826488E+02
   1 0.2792952E+02
   3 0.2739067E+02
   2 0.2759807E+02
   1 0.2852673E+02
   3 0.2755259E+02
   2 0.2796175E+02
   1 0.2690282E+02
   3 0.2722911E+02
   2 0.2743257E+02
   1 0.2778547E+02
   3 0.2812391E+02
   3 0.2916815E+02
   2 0.2708795E+02
   1 0.2757311E+02
   3 0.2714888E+02
   2 0.2704786E+02
   1 0.2830443E+02
   3 0.2723176E+02
   2 0.2876725E+02
   1 0.2874196E+02
   3 0.2791295E+02
   2 0.2723159E+02
   1 0.2754019E+02
   2 0.2816893E+02
   3 0.2832722E+02
   1 0.2749097E+02
   2 0.2741819E+02
   3 0.2842039E+02
   1 0.2840073E+02
   2 0.2719532E+02
   3 0.2813844E+02
   1 0.2758787E+02
   2 0.2750931E+02
   3 0.2769832E+02
   2 0.2304418E+02
   1 0.2811798E+02
   3 0.2790799E+02
   2 0.2726880E+02
   1 0.2816677E+02
   3 0.2857949E+02
   2 0.2765876E+02
   1 0.2808848E+02
   3 0.2750316E+02
   2 0.2676974E+02
   2 0.2548895E+02
   1 0.2761917E+02
   3 0.2715392E+02
   2 0.2807604E+02
   1 0.2800171E+02
   3 0.2814574E+02
   2 0.2836167E+02
   1 0.2804480E+02
   3 0.2728448E+02
   2 0.2794734E+02
   1 0.2840523E+02
   3 0.2780761E+02
   2 0.2802348E+02
   1 0.2915039E+02
   3 0.2903427E+02
   2 0.2722442E+02
   1 0.2711503E+02
   3 0.2803081E+02
   2 0.2777655E+02
   1 0.2708455E+02
   3 0.2777101E+02
   2 0.2905238E+02
   1 0.2793760E+02
   3 0.2794884E+02
   3 0.2863247E+02
   2 0.2732073E+02
   1 0.2709382E+02
   2 0.2883214E+02
   3 0.2744865E+02
   1 0.2793892E+02
   1 0.1738571E+02
   2 0.2880779E+02
   3 0.2686305E+02
   3 0.2847385E+02
   1 0.2932995E+02
   2 0.2839235E+02
   3 0.2878302E+02
   2 0.2819444E+02
   1 0.2905498E+02
   3 0.2813869E+02
   2 0.2906975E+02
   1 0.2747993E+02
   3 0.2799972E+02
   2 0.2818702E+02
   1 0.2785782E+02
   3 0.2738646E+02
   2 0.2807068E+02
   1 0.2811607E+02
   3 0.2750728E+02
   2 0.2716014E+02
   1 0.2853275E+02
   3 0.2818774E+02
   2 0.2788361E+02
   1 0.2681738E+02
   3 0.2785507E+02
   2 0.2820190E+02
   2 0.2081854E+02
   1 0.2823055E+02
   3 0.2850306E+02
   2 0.2722161E+02
   1 0.2880404E+02
   3 0.2723456E+02
   2 0.2764743E+02
   1 0.2760366E+02
   3 0.2822995E+02
   1 0.2875334E+02
   2 0.2791240E+02
   3 0.2843787E+02
   1 0.2790545E+02
   2 0.2791427E+02
   3 0.2714852E+02
   1 0.2809687E+02
   2 0.2706224E+02
   3 0.2773471E+02
   1 0.2750092E+02
   3 0.2136377E+02
   2 0.2755556E+02
   1 0.2776359E+02
   3 0.2783682E+02
   2 0.2766242E+02
   1 0.2817580E+02
   3 0.2832477E+02
   2 0.2882662E+02
   1 0.2800896E+02
   3 0.2794454E+02
   1 0.2993911E+02
   3 0.2143832E+02
   2 0.2792468E+02
   1 0.2758524E+02
   2 0.2913277E+02
   3 0.2846852E+02
   1 0.2783912E+02
   2 0.2817698E+02
   3 0.2761601E+02
   1 0.2751682E+02
   2 0.2694432E+02
   3 0.2736818E+02
   1 0.2824166E+02
   2 0.2789443E+02
   3 0.2674448E+02
   1 0.2862112E+02
   2 0.2761871E+02
   3 0.2745641E+02
   1 0.2819417E+02
   2 0.2798915E+02
   3 0.2662864E+02
   1 0.2786421E+02
   2 0.2748513E+02
   3 0.2905670E+02
   1 0.2847729E+02
   2 0.2833702E+02
   3 0.2796612E+02
   1 0.2747150E+02
   1 0.2834266E+02
   2 0.2904709E+02
   3 0.2782265E+02
   2 0.2819030E+02
   1 0.2790033E+02
   3 0.2705005E+02
   2 0.2847195E+02
   1 0.2803341E+02
   3 0.2832368E+02
   1 0.2888926E+02
   2 0.2712267E+02
   1 0.2894967E+02
   3 0.2775044E+02
   2 0.2944736E+02
   1 0.2888879E+02
   3 0.2732340E+02
   2 0.2854461E+02
   1 0.2772953E+02
   3 0.2890916E+02
   2 0.2768811E+02
   1 0.2758686E+02
   3 0.2759604E+02
   1 0.2878583E+02
   2 0.2737455E+02
   3 0.2710830E+02
   1 0.2767908E+02
   2 0.2750906E+02
   3 0.2792376E+02
   2 0.1625420E+02
   1 0.2814801E+02
   3 0.2757392E+02
   2 0.2759491E+02
   1 0.2777107E+02
   3 0.2750808E+02
   2 0.2719122E+02
   1 0.2781975E+02
   3 0.2701495E+02
   2 0.2751548E+02
   1 0.2764322E+02
   3 0.2744840E+02
   2 0.2878873E+02
   1 0.2697987E+02
   2 0.2917047E+02
   3 0.2882192E+02
   1 0.2741937E+02
   2 0.2795566E+02
   3 0.2858632E+02
   1 0.2795195E+02
   2 0.2753978E+02
   3 0.2841973E+02
   1 0.2769755E+02
   2 0.2776107E+02
   3 0.2731468E+02
   1 0.2729604E+02
   2 0.2832507E+02
   3 0.2746877E+02
   1 0.2796339E+02
   2 0.2727981E+02
   3 0.2761046E+02
   1 0.2868188E+02
   3 0.2830977E+02
   2 0.2790602E+02
   1 0.2793044E+02
   3 0.2833834E+02
   2 0.2831723E+02
   1 0.2727585E+02
   3 0.2788658E+02
   3 0.2424360E+02
   2 0.2895211E+02
   1 0.2710323E+02
   3 0.2739351E+02
   2 0.2761938E+02
   1 0.2783107E+02
   3 0.2801918E+02
   2 0.2732623E+02
   1 0.2731716E+02
   3 0.2855296E+02
   2 0.2700095E+02
   1 0.2756966E+02
   3 0.2776549E+02
   2 0.2734891E+02
   1 0.2904365E+02
   3 0.2778763E+02
   2 0.2851588E+02
   1 0.2864754E+02
   3 0.2734912E+02
   2 0.2740143E+02
   1 0.2895146E+02
   3 0.2766322E+02
   2 0.2868953E+02
   1 0.2759111E+02
   3 0.2749453E+02
   1 0.2816913E+02
   2 0.2796367E+02
   3 0.2781505E+02
   1 0.2742303E+02
   2 0.2816648E+02
   3 0.2740312E+02
   1 0.2858130E+02
   3 0.2889569E+02
   2 0.2796483E+02
   1 0.2811281E+02
   3 0.2737945E+02
   2 0.2771150E+02
   1 0.2875576E+02
   3 0.2875722E+02
   2 0.2861399E+02
   1 0.2783619E+02
   3 0.2842340E+02
   2 0.2800483E+02
   1 0.2808509E+02
   3 0.2781641E+02
   2 0.2742518E+02
   1 0.2820779E+02
   3 0.2793036E+02
   2 0.2770298E+02
   1 0.2799058E+02
   3 0.2834208E+02
   2 0.2817611E+02
   1 0.2740944E+02
   3 0.2722966E+02
   2 0.2794589E+02
   1 0.2733328E+02
   3 0.2663179E+02
   1 0.2887562E+02
   2 0.2804061E+02
   3 0.2821631E+02
   1 0.2851305E+02
   2 0.2782836E+02
   3 0.2777488E+02
   1 0.2742067E+02
   2 0.2682188E+02
   3 0.2848412E+02
   1 0.2825657E+02
   2 0.2787366E+02
   3 0.2865916E+02
   1 0.2735450E+02
   2 0.2730213E+02
   3 0.2761946E+02
   1 0.2789468E+02
   2 0.2733237E+02
   3 0.2751133E+02
   3 0.2816069E+02
   1 0.2808152E+02
   2 0.2774117E+02
   3 0.2759283E+02
   1 0.2762258E+02
