   3 0.7704806E+02
   3 0.7745702E+02
   3 0.7696512E+02
   1 0.7674406E+02
   2 0.7774017E+02
   3 0.7689902E+02
   1 0.7738064E+02
   2 0.7756866E+02
   3 0.7698133E+02
   1 0.7652596E+02
   2 0.7692528E+02
   3 0.7746238E+02
   1 0.7670387E+02
   3 0.7656966E+02
   3 0.7752624E+02
   2 0.7681731E+02
   3 0.7737425E+02
   2 0.7719346E+02
   1 0.7680275E+02
   2 0.7733492E+02
   2 0.5276127E+02
   2 0.7683066E+02
   2 0.7724671E+02
   3 0.7700017E+02
   2 0.7740552E+02
   2 0.4213724E+02
   3 0.7747354E+02
   1 0.7752774E+02
   2 0.7694414E+02
   1 0.7718711E+02
   1 0.7711011E+02
   1 0.7715723E+02
   3 0.7726740E+02
   1 0.7728151E+02
   2 0.7719146E+02
   2 0.7666291E+02
   1 0.7670458E+02
   2 0.7817699E+02
   1 0.7718831E+02
   2 0.7785599E+02
   2 0.7741025E+02
   3 0.7755247E+02
   2 0.7747272E+02
   2 0.7734382E+02
   1 0.7712736E+02
   3 0.7681964E+02
   2 0.7713949E+02
   1 0.7728247E+02
   2 0.7725127E+02
   2 0.7753850E+02
   1 0.7674346E+02
   3 0.7693077E+02
   1 0.7741085E+02
   2 0.7671471E+02
   2 0.7657534E+02
   3 0.7678331E+02
   1 0.7683590E+02
   2 0.7672923E+02
   3 0.7761974E+02
   1 0.7711133E+02
   1 0.7673518E+02
   2 0.7728014E+02
   1 0.7714191E+02
   2 0.7681599E+02
   3 0.7737502E+02
   3 0.5740665E+02
   1 0.7699447E+02
   2 0.7783837E+02
   3 0.7709646E+02
   3 0.5184868E+02
   1 0.7690123E+02
   2 0.7661682E+02
   1 0.7667649E+02
   3 0.7725041E+02
   3 0.7724024E+02
   3 0.5174957E+02
   2 0.7688656E+02
   3 0.7735295E+02
   1 0.7695587E+02
   1 0.7722529E+02
   2 0.7702012E+02
   3 0.7767869E+02
   3 0.7787271E+02
   1 0.7683243E+02
   3 0.7726300E+02
   1 0.7738780E+02
   2 0.7703697E+02
   3 0.7734250E+02
   3 0.7675151E+02
   3 0.7719607E+02
   3 0.7775310E+02
   1 0.7699878E+02
   2 0.7760483E+02
   1 0.7688189E+02
   1 0.7711156E+02
   3 0.7740425E+02
   2 0.7714571E+02
   3 0.7672929E+02
   3 0.7760121E+02
   1 0.7741080E+02
   3 0.7771010E+02
   3 0.7732511E+02
   2 0.7749680E+02
   2 0.7702461E+02
   2 0.7718943E+02
   1 0.7706462E+02
   2 0.7612655E+02
   3 0.7697205E+02
   1 0.7662302E+02
   2 0.7170072E+02
   1 0.7681033E+02
   1 0.7670709E+02
   1 0.7618771E+02
   3 0.7718077E+02
   1 0.7729290E+02
   2 0.7669769E+02
   3 0.7703040E+02
   3 0.7718681E+02
   2 0.7598792E+02
   1 0.7698126E+02
   3 0.7631198E+02
   2 0.7675492E+02
   2 0.7611621E+02
   3 0.7725957E+02
   3 0.7745286E+02
   1 0.7654285E+02
   2 0.7638501E+02
   3 0.7711912E+02
   3 0.7702280E+02
   3 0.7719593E+02
   1 0.7702876E+02
   3 0.7731166E+02
   2 0.7709667E+02
   1 0.7666829E+02
   3 0.7696852E+02
   2 0.7705160E+02
   1 0.7686285E+02
   2 0.7668127E+02
   1 0.7688826E+02
   1 0.7644133E+02
   3 0.7754280E+02
   1 0.7650775E+02
   2 0.7683690E+02
   1 0.7706867E+02
   2 0.7715969E+02
   2 0.7694839E+02
   3 0.7730074E+02
   3 0.7772373E+02
   2 0.7645758E+02
   1 0.7769418E+02
   3 0.7637567E+02
   2 0.7723246E+02
   3 0.7716223E+02
   2 0.7700166E+02
   3 0.7732543E+02
   2 0.7712512E+02
   1 0.7697295E+02
   3 0.7702146E+02
   2 0.7706491E+02
   2 0.7764769E+02
   1 0.7686531E+02
   2 0.7327152E+02
   1 0.7727992E+02
   2 0.7626299E+02
   3 0.7706271E+02
   1 0.7668664E+02
   2 0.7699692E+02
   3 0.7697102E+02
   2 0.7705560E+02
   1 0.7730263E+02
   1 0.7794606E+02
   1 0.7783394E+02
   3 0.7688033E+02
   3 0.7733269E+02
   2 0.7718607E+02
   2 0.7695582E+02
   2 0.7819577E+02
   1 0.7730372E+02
   3 0.7723237E+02
   3 0.7721975E+02
   3 0.7727514E+02
   2 0.7716443E+02
   3 0.7198086E+02
   1 0.7703576E+02
   3 0.7720702E+02
   1 0.7658905E+02
   2 0.7724089E+02
   2 0.6640833E+02
   3 0.7675134E+02
   2 0.7684094E+02
   3 0.7621279E+02
   1 0.7707570E+02
   3 0.7676123E+02
   3 0.7624551E+02
   2 0.7716538E+02
   1 0.7705863E+02
   1 0.5167872E+02
   2 0.7654917E+02
   1 0.7710993E+02
   2 0.7689898E+02
   1 0.7809977E+02
   3 0.7766782E+02
   1 0.7766002E+02
   3 0.7758028E+02
   3 0.7689965E+02
   1 0.7678300E+02
   3 0.7736468E+02
   1 0.6023822E+02
   1 0.7737798E+02
   3 0.7719064E+02
   2 0.7681794E+02
   1 0.7663270E+02
   3 0.7684328E+02
   1 0.7780101E+02
   3 0.6925446E+02
   2 0.7718388E+02
   1 0.7641536E+02
   3 0.7746189E+02
   1 0.7722854E+02
   3 0.7713394E+02
   2 0.7706660E+02
   1 0.7657331E+02
   1 0.7633008E+02
   3 0.7689680E+02
   2 0.7720363E+02
   3 0.7715792E+02
   1 0.7701552E+02
   2 0.7731655E+02
   3 0.7768106E+02
   1 0.7733272E+02
   1 0.6446282E+02
   2 0.7708360E+02
   2 0.7736323E+02
   3 0.7685026E+02
   3 0.7735818E+02
   1 0.7683177E+02
   2 0.7700016E+02
   3 0.7690867E+02
   1 0.7690567E+02
   2 0.7764611E+02
   3 0.7745088E+02
   1 0.7678794E+02
   3 0.7645508E+02
   3 0.7712500E+02
   2 0.7746299E+02
   1 0.7679246E+02
   1 0.7723334E+02
   3 0.7698828E+02
   1 0.7486103E+02
   2 0.7747136E+02
   1 0.7638060E+02
   2 0.7651335E+02
   1 0.7781081E+02
   2 0.7681153E+02
   3 0.7668000E+02
   2 0.7716997E+02
   2 0.5232301E+01
   1 0.7667318E+02
   3 0.7700705E+02
   2 0.7754321E+02
   1 0.7703790E+02
   2 0.7707575E+02
   2 0.7688362E+02
   3 0.7772519E+02
   2 0.6675524E+02
   2 0.7693655E+02
   1 0.7737210E+02
   2 0.7729108E+02
   2 0.7641680E+02
   3 0.7731983E+02
   3 0.7762726E+02
   2 0.7699071E+02
   3 0.5774822E+02
   1 0.7706984E+02
   2 0.7666565E+02
   1 0.7637449E+02
   1 0.7746004E+02
   3 0.7706806E+02
   2 0.7699685E+02
   3 0.7718917E+02
   2 0.7766254E+02
   3 0.7702894E+02
   1 0.7731349E+02
   2 0.7691727E+02
   3 0.7710144E+02
   1 0.7709428E+02
   2 0.7716435E+02
   3 0.7686031E+02
   1 0.7702937E+02
   3 0.7773734E+02
   1 0.7668624E+02
   2 0.7732788E+02
   2 0.7672574E+02
   3 0.7708668E+02
   1 0.7704383E+02
   1 0.7748778E+02
   1 0.7716945E+02
   2 0.7714398E+02
   3 0.7743214E+02
   1 0.7666582E+02
   2 0.7784839E+02
   3 0.7739214E+02
   2 0.7741157E+02
   1 0.7708034E+02
   3 0.7749273E+02
   2 0.7701322E+02
   1 0.7678078E+02
   1 0.7762231E+02
   2 0.7735023E+02
   3 0.7707998E+02
   2 0.7783583E+02
   3 0.7663501E+02
   2 0.7696333E+02
   3 0.7632830E+02
   2 0.7622248E+02
   3 0.2764740E+02
   1 0.7693971E+02
   1 0.7716356E+02
   2 0.7656080E+02
   3 0.7720699E+02
   1 0.7804988E+02
   1 0.1656479E+02
   3 0.7683892E+02
   3 0.7660615E+02
   3 0.7708797E+02
   2 0.7667507E+02
   2 0.7735639E+02
   1 0.7749725E+02
   1 0.7524953E+02
   1 0.7659682E+02
   1 0.7712692E+02
   3 0.7783393E+02
   3 0.6088798E+02
   2 0.7705819E+02
   2 0.7755877E+02
   1 0.7705873E+02
   3 0.7721962E+02
   2 0.7727197E+02
   3 0.7680471E+02
   1 0.7736802E+02
   2 0.7757697E+02
   3 0.7731018E+02
   2 0.7751820E+02
   3 0.4095301E+02
   2 0.7761376E+02
   1 0.7686413E+02
   3 0.7633297E+02
   1 0.7610703E+02
   3 0.7772281E+02
   1 0.7759676E+02
   1 0.7695176E+02
   3 0.7656609E+02
   2 0.7775531E+02
   3 0.7688657E+02
   3 0.7687945E+02
   1 0.7714317E+02
   3 0.7703839E+02
   1 0.7736623E+02
   2 0.7683847E+02
   1 0.7822446E+02
   1 0.7732416E+02
   1 0.7685399E+02
   3 0.7734594E+02
   1 0.7607120E+02
   2 0.7722099E+02
   2 0.7733644E+02
   2 0.7760206E+02
   3 0.7690054E+02
   2 0.7780650E+02
   1 0.7712563E+02
   1 0.7800160E+02
   2 0.7692826E+02
   2 0.3462011E+02
   3 0.7745347E+02
   2 0.7708902E+02
   1 0.7705069E+02
   2 0.7694779E+02
   3 0.7745229E+02
   1 0.7690910E+02
   2 0.7745633E+02
   2 0.7733773E+02
   3 0.7685692E+02
   2 0.7750449E+02
   1 0.7721242E+02
   1 0.7753938E+02
   1 0.7707753E+02
   3 0.7743265E+02
   1 0.7703251E+02
   2 0.7688630E+02
   1 0.7753427E+02
   3 0.7709708E+02
   2 0.7740431E+02
   1 0.7727291E+02
   3 0.7671405E+02
   1 0.7666987E+02
   3 0.7697417E+02
   2 0.7723794E+02
   2 0.4110712E+02
   3 0.7641725E+02
   2 0.7757462E+02
   3 0.7696686E+02
   2 0.7613144E+02
   1 0.7685961E+02
   1 0.7736672E+02
   2 0.7700061E+02
   2 0.7659521E+02
   2 0.7715863E+02
   3 0.7811387E+02
   3 0.6239011E+02
   1 0.7674647E+02
   3 0.7655705E+02
   1 0.7704018E+02
   3 0.7706296E+02
   1 0.7761537E+02
   3 0.1201414E+02
   1 0.4537079E+02
   2 0.7715418E+02
   3 0.7715365E+02
   2 0.3447225E+02
   1 0.7773876E+02
   2 0.7757789E+02
   3 0.7715698E+02
   1 0.7729530E+02
   2 0.7699760E+02
   3 0.7717741E+02
   1 0.7725907E+02
   2 0.7686052E+02
   3 0.7666302E+02
   2 0.7736812E+02
   3 0.7725965E+02
   2 0.7628117E+02
   3 0.7744546E+02
   2 0.7739925E+02
   1 0.7728930E+02
   3 0.7685938E+02
   2 0.7687659E+02
   1 0.7698362E+02
   2 0.7666426E+02
   1 0.7747786E+02
   3 0.7656319E+02
   2 0.7675191E+02
   1 0.7750375E+02
   3 0.7796659E+02
   2 0.7741084E+02
   1 0.7681994E+02
   2 0.7663339E+02
   2 0.7244270E+02
   3 0.7813461E+02
   1 0.7721642E+02
   2 0.7691619E+02
   1 0.7631772E+02
   1 0.7721232E+02
   1 0.5652160E+02
   3 0.7784527E+02
   3 0.7801620E+02
   1 0.7670358E+02
   3 0.7298381E+02
   2 0.7760733E+02
   2 0.1743128E+02
   2 0.7723793E+02
   2 0.7741762E+02
   2 0.6760241E+02
   1 0.7755559E+02
   2 0.7675252E+02
   3 0.7701850E+02
   1 0.7734729E+02
   2 0.7761050E+02
   2 0.7663311E+02
   1 0.7688896E+02
   3 0.7750154E+02
   1 0.7636186E+02
   3 0.7662949E+02
   2 0.7713704E+02
   2 0.7655616E+02
   2 0.7478198E+02
   1 0.7638359E+02
   3 0.7701588E+02
   1 0.7666247E+02
   2 0.7725022E+02
   2 0.7676150E+02
   3 0.7725048E+02
   1 0.7690546E+02
   3 0.7700217E+02
   1 0.7729260E+02
   3 0.7703289E+02
   2 0.7780865E+02
   3 0.7772482E+02
   2 0.7687865E+02
   1 0.7700335E+02
   3 0.7729805E+02
   2 0.7697502E+02
   3 0.7688118E+02
   1 0.7713132E+02
   2 0.7702118E+02
   3 0.7714946E+02
   1 0.7725460E+02
   1 0.7718388E+02
   2 0.7672385E+02
   1 0.7692106E+02
   3 0.7748295E+02
   2 0.7716796E+02
   3 0.5321756E+02
   3 0.7726460E+02
   3 0.7731179E+02
   1 0.7698278E+02
   2 0.7757659E+02
   3 0.7657823E+02
   1 0.7730109E+02
   1 0.7738820E+02
   2 0.7670360E+02
   3 0.7739550E+02
   2 0.7704032E+02
   2 0.3718006E+02
   1 0.7697711E+02
   3 0.7667253E+02
   2 0.7713712E+02
   1 0.7678410E+02
   3 0.7696199E+02
   1 0.7744865E+02
   1 0.7784166E+02
   3 0.7750046E+02
   2 0.7729633E+02
   1 0.6549346E+02
   3 0.7735852E+02
   3 0.7794424E+02
   1 0.7678340E+02
   3 0.7673061E+02
   2 0.7649135E+02
   2 0.4819347E+02
   2 0.7694911E+02
   1 0.7701202E+02
   1 0.6614393E+02
   3 0.7646420E+02
   1 0.7636220E+02
   1 0.7726545E+02
   2 0.7716228E+02
   1 0.7726956E+02
   3 0.7686668E+02
   1 0.7646730E+02
   2 0.7735828E+02
   1 0.7697247E+02
   2 0.6865542E+02
   2 0.7795552E+02
   3 0.7736106E+02
   3 0.7231758E+02
   2 0.7617550E+02
   1 0.7782347E+02
   2 0.7693696E+02
   1 0.7594534E+02
   2 0.7695076E+02
   1 0.7757544E+02
   3 0.7724884E+02
   3 0.8302136E+01
   3 0.7742870E+02
   2 0.7736798E+02
   3 0.7628090E+02
   1 0.7768590E+02
   2 0.7740758E+02
   1 0.7633863E+02
   1 0.7708415E+02
   3 0.7669623E+02
   2 0.7705635E+02
   2 0.7701649E+02
   2 0.7651565E+02
   1 0.7710310E+02
   3 0.7710282E+02
   2 0.7651006E+02
   2 0.7378566E+02
   1 0.7705228E+02
   3 0.7703613E+02
   1 0.7723933E+02
   2 0.7701357E+02
   3 0.7743763E+02
   1 0.7675993E+02
   1 0.7744975E+02
   3 0.7679708E+02
   2 0.7672873E+02
   1 0.2993558E+02
   1 0.2045072E+02
   1 0.3961634E+02
   1 0.7718119E+02
   1 0.7818767E+02
   2 0.7706603E+02
   1 0.7720086E+02
   3 0.7710449E+02
   3 0.7712361E+02
   2 0.7763260E+02
   1 0.7704120E+02
   1 0.6262222E+02
   3 0.7669022E+02
   2 0.7769820E+02
   3 0.7685583E+02
   3 0.7714395E+02
   1 0.7696444E+02
   3 0.7674445E+02
   2 0.7773487E+02
   1 0.7740500E+02
   2 0.7628274E+02
   3 0.7780650E+02
   1 0.7604329E+02
   2 0.7641550E+02
   3 0.7703868E+02
   2 0.7666125E+02
   3 0.7660819E+02
   2 0.7621534E+02
   2 0.7720829E+02
   1 0.7726757E+02
   2 0.7695898E+02
   3 0.7731999E+02
   2 0.7686462E+02
   2 0.7651472E+02
   2 0.7472452E+02
   1 0.7723014E+02
   2 0.6753975E+02
   1 0.4245575E+02
   2 0.7786570E+02
   2 0.7813604E+02
   2 0.7771670E+02
   3 0.7708528E+02
   3 0.7692734E+02
   1 0.7723562E+02
   2 0.7692073E+02
   3 0.7751057E+02
   3 0.7141662E+02
   1 0.7687691E+02
   3 0.4517437E+02
   1 0.7114095E+02
   3 0.7706954E+02
   2 0.7667267E+02
   1 0.7731963E+02
   2 0.7090241E+02
   2 0.7716714E+02
   2 0.7762551E+02
   2 0.7706029E+02
   3 0.7710478E+02
   1 0.7746326E+02
   2 0.7696812E+02
   1 0.4499129E+02
   2 0.7748668E+02
   1 0.7603555E+02
   2 0.7628217E+02
   3 0.7666214E+02
   3 0.7609855E+02
   2 0.7636123E+02
   3 0.5318927E+02
   2 0.7709291E+02
   1 0.7684894E+02
   2 0.7725022E+02
   3 0.7760319E+02
   2 0.7688149E+02
   2 0.7701405E+02
   2 0.8900529E+01
   1 0.7693756E+02
   2 0.7741990E+02
   3 0.7658808E+02
   3 0.7685680E+02
   1 0.7721726E+02
   2 0.7722853E+02
   2 0.7118792E+02
   3 0.7701840E+02
   2 0.7684623E+02
   3 0.7645065E+02
   2 0.7774246E+02
   1 0.7753415E+02
   3 0.7737613E+02
   3 0.7717025E+02
   3 0.7667083E+02
   2 0.7731159E+02
   1 0.7703208E+02
   1 0.7850180E+02
   3 0.7668855E+02
   3 0.1894785E+02
   2 0.7720127E+02
   2 0.7813888E+02
   1 0.7806611E+02
   1 0.6611777E+02
   1 0.7759905E+02
   3 0.7786307E+02
   2 0.7717744E+02
   2 0.7764139E+02
   2 0.7771728E+02
   1 0.7717979E+02
   2 0.7688148E+02
   3 0.7708133E+02
   1 0.7706684E+02
   2 0.7712574E+02
   1 0.7737403E+02
   3 0.7707176E+02
   1 0.7735106E+02
   2 0.7657116E+02
   3 0.7668541E+02
   2 0.7760083E+02
   1 0.7715245E+02
   2 0.7655013E+02
   3 0.7667924E+02
   3 0.4178214E+02
   1 0.7773637E+02
   3 0.7739190E+02
   2 0.7657078E+02
   3 0.7770390E+02
   2 0.7714957E+02
   3 0.7735888E+02
   2 0.7256025E+02
   1 0.7779889E+02
   3 0.7703616E+02
   2 0.7691785E+02
   2 0.7770682E+02
   1 0.7726780E+02
   1 0.7740424E+02
   1 0.7741933E+02
   3 0.7716495E+02
   1 0.7666148E+02
   2 0.7719910E+02
   3 0.7638917E+02
   2 0.7607862E+02
   3 0.7747804E+02
   3 0.7694917E+02
   1 0.7674907E+02
   3 0.7615063E+02
   1 0.5850568E+02
   2 0.7686713E+02
   3 0.7711365E+02
   1 0.7735876E+02
   3 0.7744924E+02
   2 0.7685105E+02
   3 0.7665707E+02
   2 0.7685247E+02
   2 0.7650574E+02
   1 0.7762339E+02
   2 0.7678072E+02
   1 0.7771416E+02
   2 0.7752085E+02
   3 0.7705651E+02
   2 0.7750973E+02
   1 0.7703455E+02
   3 0.7672831E+02
   2 0.7704691E+02
   1 0.7683351E+02
   1 0.7568707E+02
   1 0.7729352E+02
   1 0.7765162E+02
   3 0.7726087E+02
   2 0.7739355E+02
   1 0.7683495E+02
   3 0.7722472E+02
   2 0.7703214E+02
   3 0.7645628E+02
   3 0.7736791E+02
   3 0.7804494E+02
   3 0.7467149E+02
   1 0.7698903E+02
   3 0.7691008E+02
   2 0.7695740E+02
   3 0.7668937E+02
   2 0.7713408E+02
   3 0.7782888E+02
   2 0.7656087E+02
   1 0.7728031E+02
   1 0.7717559E+02
   2 0.7632421E+02
   1 0.7712639E+02
   2 0.6663215E+02
   3 0.7721639E+02
   2 0.7764492E+02
   3 0.7668417E+02
   1 0.7648776E+02
   2 0.7662933E+02
   3 0.7742745E+02
   2 0.7708333E+02
   2 0.6385864E+02
   3 0.7786298E+02
   3 0.7673019E+02
   2 0.7666324E+02
   1 0.7702967E+02
   3 0.7741928E+02
   3 0.7724571E+02
   3 0.1981292E+02
   3 0.7713664E+02
   3 0.7768406E+02
   2 0.7716378E+02
   1 0.7689998E+02
   1 0.7736565E+02
   3 0.7672440E+02
   2 0.7722444E+02
   2 0.7748352E+02
   3 0.7605962E+02
   1 0.7677585E+02
   2 0.7733072E+02
   3 0.7662203E+02
   1 0.7703408E+02
   2 0.7678440E+02
   1 0.7729037E+02
   3 0.7729100E+02
   3 0.7646533E+02
   3 0.7729363E+02
   2 0.7692126E+02
   3 0.7029296E+02
   1 0.7657664E+02
   1 0.7728558E+02
   2 0.7680048E+02
   3 0.7698291E+02
   2 0.7732051E+02
   3 0.7619897E+02
   2 0.7614017E+02
   1 0.7707599E+02
   3 0.7694411E+02
   2 0.7690436E+02
   1 0.7729193E+02
   1 0.7781316E+02
   3 0.7707515E+02
   2 0.7672100E+02
   1 0.7689450E+02
   2 0.7726967E+02
   3 0.7688843E+02
   1 0.7673075E+02
   2 0.7712087E+02
   1 0.7656296E+02
   1 0.7712208E+02
   1 0.7758974E+02
   3 0.7699129E+02
   2 0.7676830E+02
   3 0.7740518E+02
   3 0.7611092E+02
   3 0.1712707E+02
   1 0.7724584E+02
   3 0.7677175E+02
   2 0.7745209E+02
   3 0.7614185E+02
   3 0.7609144E+02
   1 0.7713346E+02
   3 0.7682476E+02
   2 0.7681440E+02
   1 0.7764930E+02
   3 0.7781079E+02
   2 0.7730846E+02
   2 0.7730715E+02
   3 0.7669537E+02
   3 0.7709626E+02
   1 0.7698290E+02
   3 0.7685338E+02
   1 0.7644197E+02
   2 0.7681887E+02
   3 0.7696556E+02
   2 0.7757899E+02
   3 0.7694878E+02
   1 0.7722727E+02
   2 0.7629607E+02
   3 0.7673883E+02
   3 0.7756035E+02
   3 0.6653504E+02
   1 0.7674168E+02
   3 0.7679726E+02
   2 0.7737986E+02
   1 0.7610476E+02
   3 0.7743753E+02
   1 0.7767387E+02
   3 0.7627508E+02
   1 0.7715737E+02
   1 0.7628641E+02
   3 0.7736635E+02
   2 0.7658697E+02
   2 0.7704920E+02
   2 0.7641382E+02
   2 0.7733224E+02
   1 0.7674398E+02
   1 0.7799757E+02
   3 0.7796760E+02
   2 0.7681974E+02
   1 0.7710940E+02
   3 0.7709952E+02
   1 0.7735943E+02
   2 0.7714006E+02
   1 0.7740626E+02
   2 0.7718419E+02
   3 0.7752547E+02
   3 0.7197529E+02
   1 0.7709816E+02
   3 0.7781806E+02
   2 0.7713210E+02
   2 0.7713003E+02
   2 0.7746468E+02
   1 0.7758438E+02
   2 0.7725549E+02
   3 0.7703816E+02
   2 0.7652788E+02
   1 0.7714914E+02
   1 0.7767281E+02
   3 0.7724377E+02
   3 0.7701789E+02
   2 0.7685038E+02
   2 0.7667196E+02
   2 0.7679375E+02
   1 0.7735358E+02
   2 0.7735164E+02
   3 0.7746105E+02
   2 0.7788730E+02
   2 0.6907516E+02
   3 0.7704613E+02
   2 0.7653085E+02
   1 0.7761062E+02
   2 0.4534645E+02
   2 0.7546264E+02
   1 0.7665462E+02
   1 0.7763808E+02
   3 0.7777459E+02
   2 0.7742497E+02
   2 0.7714541E+02
   1 0.7727339E+02
   2 0.7757643E+02
   3 0.7683952E+02
   2 0.7750171E+02
   1 0.7736262E+02
   2 0.7714340E+02
   3 0.7686308E+02
   3 0.7703283E+02
   3 0.7676477E+02
   1 0.7767660E+02
   2 0.7718237E+02
   1 0.7711272E+02
   2 0.7486968E+02
   1 0.7732491E+02
   1 0.7716609E+02
   3 0.7670621E+02
   3 0.7768982E+02
   2 0.7683147E+02
   3 0.7628950E+02
   2 0.7738346E+02
   3 0.7732094E+02
   2 0.7716251E+02
   3 0.7678605E+02
   1 0.7689201E+02
   2 0.7690965E+02
   1 0.7704157E+02
   2 0.7666709E+02
   1 0.7669852E+02
   2 0.7680521E+02
   3 0.7770816E+02
   1 0.7716070E+02
   1 0.6401166E+02
   1 0.3314762E+02
   2 0.7707789E+02
   1 0.7684645E+02
   3 0.7696445E+02
   3 0.7644888E+02
   3 0.7672719E+02
   3 0.7713574E+02
   2 0.7700796E+02
   1 0.7674869E+02
   2 0.7681454E+02
   1 0.7777388E+02
   2 0.7697531E+02
   1 0.7668648E+02
   2 0.7593928E+02
   3 0.7722337E+02
   1 0.7710960E+02
   1 0.7746481E+02
   3 0.7630499E+02
   1 0.7637815E+02
   1 0.1710957E+02
   2 0.7750310E+02
   3 0.7677791E+02
   2 0.7721638E+02
   1 0.7676943E+02
   3 0.7722462E+02
   2 0.7682400E+02
   1 0.7707386E+02
   2 0.7727470E+02
   1 0.7665731E+02
   3 0.7753103E+02
   3 0.7626181E+02
   2 0.7773639E+02
   2 0.7656662E+02
   1 0.7664201E+02
   2 0.7681243E+02
   2 0.7716000E+02
   1 0.7679508E+02
   2 0.7338764E+02
   3 0.7713217E+02
   1 0.7721128E+02
   1 0.7760174E+02
   1 0.7688789E+02
   1 0.5399823E+02
   2 0.7705950E+02
   3 0.7754200E+02
   2 0.7666002E+02
   3 0.7722329E+02
   1 0.7717210E+02
   2 0.7676869E+02
   3 0.7738538E+02
   2 0.7685599E+02
   1 0.7724268E+02
   2 0.7439999E+02
   3 0.7707249E+02
   2 0.4664683E+02
   3 0.7813985E+02
   1 0.7660989E+02
   3 0.7779317E+02
   3 0.7729186E+02
   3 0.7718362E+02
   2 0.7719781E+02
   3 0.7761529E+02
   1 0.7689079E+02
   2 0.7677958E+02
   3 0.7712180E+02
   3 0.7701983E+02
   1 0.7704271E+02
   2 0.7673847E+02
   1 0.7700903E+02
   2 0.7698825E+02
   2 0.7786656E+02
   3 0.7717394E+02
   2 0.7666254E+02
   1 0.7713486E+02
   2 0.7657898E+02
   2 0.7722448E+02
   1 0.7704032E+02
   3 0.7698722E+02
   3 0.7301608E+02
   2 0.7662107E+02
   2 0.7800406E+02
   3 0.7785484E+02
   1 0.7680039E+02
   1 0.7006319E+02
   1 0.7695046E+02
   2 0.7690376E+02
   3 0.7741172E+02
   3 0.4492068E+02
   1 0.7680634E+02
   2 0.7728680E+02
   1 0.7747273E+02
   3 0.7700116E+02
   2 0.7720639E+02
   1 0.7795229E+02
   1 0.3409739E+02
   2 0.7686299E+02
   3 0.7718316E+02
   1 0.7713309E+02
   2 0.7698305E+02
   3 0.7709041E+02
   1 0.7779615E+02
   2 0.4789063E+02
   1 0.7786400E+02
   2 0.7707051E+02
   3 0.7686524E+02
   2 0.7708194E+02
   3 0.7633680E+02
   2 0.7693979E+02
   1 0.7706570E+02
   2 0.7664423E+02
   3 0.7688234E+02
   1 0.7687218E+02
   3 0.7844935E+02
   1 0.7768906E+02
   2 0.7738853E+02
   3 0.7667487E+02
   2 0.8961444E+01
   1 0.7720357E+02
   3 0.7672245E+02
   3 0.7629866E+02
   3 0.7711465E+02
   2 0.7714560E+02
   1 0.7709248E+02
   2 0.7682055E+02
   2 0.7704229E+02
   1 0.7684308E+02
   3 0.7672669E+02
   1 0.7677476E+02
   3 0.7742269E+02
   1 0.7797645E+02
   1 0.7742496E+02
   3 0.7701353E+02
   2 0.7724901E+02
   1 0.7696293E+02
   1 0.5994971E+02
   2 0.7668533E+02
   3 0.7726741E+02
   3 0.7686993E+02
   1 0.7714640E+02
   3 0.7799348E+02
   2 0.7690651E+02
   1 0.7664560E+02
   2 0.7666924E+02
   1 0.7647866E+02
   1 0.7708626E+02
   2 0.7759287E+02
   3 0.7698221E+02
   1 0.7643170E+02
   2 0.7712549E+02
   2 0.6072954E+02
   3 0.7749265E+02
   2 0.7682004E+02
   1 0.7740413E+02
   3 0.7748611E+02
   1 0.7756886E+02
   3 0.5705166E+02
   1 0.7775864E+02
   1 0.7753173E+02
   3 0.7693971E+02
   2 0.7685632E+02
   3 0.5985382E+02
   1 0.7672159E+02
   2 0.7792338E+02
   2 0.7688201E+02
   3 0.7737234E+02
   1 0.7708268E+02
   3 0.7617554E+02
   2 0.7737261E+02
   3 0.7702128E+02
   2 0.7685349E+02
   1 0.7740204E+02
   3 0.7707631E+02
   2 0.7712200E+02
   2 0.7770174E+02
   1 0.7688008E+02
   2 0.7790422E+02
   1 0.6667909E+02
   3 0.7679490E+02
   1 0.7618872E+02
   2 0.7687402E+02
   2 0.7687433E+02
   3 0.7715400E+02
   2 0.7678071E+02
   1 0.7731121E+02
   3 0.7736697E+02
   2 0.7723386E+02
   1 0.7776652E+02
   1 0.7729385E+02
   2 0.7686417E+02
   1 0.7685046E+02
   2 0.7724162E+02
   1 0.7738433E+02
   2 0.7493588E+02
   1 0.7678405E+02
   3 0.7717738E+02
   1 0.5183136E+02
   2 0.7674861E+02
   3 0.7612809E+02
   3 0.7767660E+02
   2 0.7659551E+02
   2 0.7733214E+02
   3 0.7706079E+02
   1 0.7731221E+02
   2 0.7678693E+02
   3 0.7723073E+02
   3 0.7708718E+02
   3 0.7679173E+02
   1 0.7706877E+02
   3 0.7617599E+02
   2 0.7694132E+02
   1 0.7776985E+02
   3 0.7770521E+02
   1 0.7724838E+02
   3 0.7690249E+02
   2 0.7696546E+02
   3 0.7734782E+02
   1 0.7785463E+02
   1 0.7682019E+02
   1 0.7772149E+02
   1 0.6129255E+02
   1 0.7661667E+02
   2 0.7716564E+02
   3 0.7695873E+02
   2 0.7713367E+02
   1 0.7679251E+02
   1 0.7734078E+02
   3 0.7667648E+02
   3 0.7789109E+02
   2 0.7697912E+02
   1 0.7705254E+02
   1 0.7724467E+02
   2 0.7678268E+02
   1 0.7702683E+02
   3 0.7697768E+02
   3 0.6821481E+02
   3 0.7681176E+02
   2 0.7724018E+02
   1 0.7692692E+02
   3 0.7730086E+02
   3 0.7787035E+02
   2 0.7695671E+02
   1 0.7720515E+02
   2 0.7714174E+02
   2 0.7782383E+02
   2 0.7696349E+02
   3 0.7730210E+02
   2 0.7671186E+02
   1 0.7682724E+02
   2 0.6465817E+02
   3 0.7660844E+02
   1 0.7706420E+02
   2 0.7702965E+02
   1 0.7734681E+02
   1 0.7720084E+02
   3 0.7653269E+02
   1 0.7650683E+02
   2 0.7736513E+02
   3 0.7736761E+02
   2 0.7754278E+02
   1 0.7678935E+02
   3 0.7747275E+02
   1 0.7705041E+02
   2 0.7722406E+02
   2 0.7761458E+02
   3 0.7685282E+02
   1 0.7643926E+02
   1 0.7702176E+02
   2 0.7745308E+02
   3 0.7697294E+02
   2 0.7701421E+02
   3 0.7645427E+02
   2 0.7727609E+02
   1 0.7668487E+02
   3 0.7739828E+02
   2 0.7715704E+02
   1 0.7733212E+02
   1 0.7758879E+02
   3 0.7656277E+02
   2 0.7717556E+02
   2 0.7688065E+02
   1 0.7684177E+02
   1 0.5688953E+02
   2 0.7685018E+02
   2 0.7734714E+02
   3 0.7688025E+02
   2 0.7633680E+02
   2 0.7715332E+02
   1 0.7693180E+02
   2 0.7725827E+02
   3 0.7702348E+02
   3 0.7693136E+02
   3 0.7721108E+02
   1 0.7696083E+02
   2 0.7727792E+02
   3 0.7713805E+02
   1 0.7705348E+02
   2 0.7753001E+02
   2 0.7748174E+02
   3 0.7723055E+02
   1 0.7743204E+02
   3 0.7726907E+02
   1 0.7694221E+02
   2 0.7708760E+02
   2 0.7777888E+02
   2 0.7768373E+02
   2 0.7671196E+02
   3 0.7719694E+02
   1 0.7693514E+02
   2 0.7644878E+02
   3 0.7631286E+02
   1 0.7743790E+02
   1 0.7758177E+02
   3 0.7692739E+02
   1 0.3056459E+02
   3 0.7719564E+02
   1 0.7770821E+02
   1 0.7780887E+02
   2 0.7743204E+02
   3 0.7679653E+02
   2 0.7506808E+02
   3 0.7641697E+02
   2 0.7735637E+02
   1 0.7646174E+02
   1 0.7785083E+02
   3 0.7773434E+02
   2 0.7753847E+02
   3 0.7757799E+02
   2 0.7776588E+02
   3 0.7665496E+02
   1 0.7688568E+02
   3 0.7701421E+02
   1 0.7662877E+02
   3 0.7772869E+02
   2 0.7644148E+02
   3 0.7745215E+02
   3 0.7721161E+02
   1 0.7719758E+02
   2 0.7679756E+02
   3 0.7681508E+02
   1 0.7669939E+02
   1 0.7753350E+02
   2 0.7666477E+02
   2 0.7650911E+02
   3 0.7680765E+02
   3 0.2617792E+02
   1 0.7723690E+02
   1 0.7798934E+02
   2 0.7753891E+02
   3 0.7733630E+02
   1 0.7725491E+02
   1 0.7652501E+02
   2 0.7701226E+02
   1 0.7746870E+02
   2 0.7762137E+02
   3 0.7673978E+02
   3 0.7747069E+02
   2 0.7720324E+02
   3 0.6432136E+02
   2 0.7765892E+02
   1 0.7739041E+02
   1 0.7691271E+02
   3 0.7711107E+02
   2 0.7709922E+02
   1 0.7805580E+02
   3 0.7732654E+02
   1 0.7762099E+02
   2 0.7698551E+02
   1 0.7656322E+02
   2 0.7726889E+02
   1 0.7698352E+02
   2 0.7703728E+02
   2 0.7685597E+02
   3 0.7722436E+02
   1 0.7710892E+02
   1 0.7775043E+02
   2 0.7738701E+02
   3 0.7694303E+02
   1 0.7714277E+02
   1 0.7688291E+02
   2 0.7680343E+02
   1 0.7721765E+02
   3 0.7717131E+02
   1 0.7728048E+02
   3 0.7721733E+02
   1 0.7767944E+02
   3 0.7655132E+02
   1 0.7734080E+02
   2 0.7715946E+02
   3 0.7658452E+02
   2 0.7695097E+02
   3 0.7665915E+02
   3 0.7668171E+02
   3 0.7737212E+02
   1 0.7748103E+02
   1 0.7698494E+02
   3 0.7691606E+02
   2 0.7670671E+02
   3 0.2830658E+02
   3 0.7700991E+02
   1 0.7686715E+02
   2 0.7702648E+02
   3 0.7689870E+02
   3 0.5641223E+01
   3 0.7051001E+02
   1 0.7701289E+02
   2 0.7685606E+02
   1 0.7734831E+02
   1 0.3085085E+02
   3 0.7683006E+02
   3 0.7740349E+02
   2 0.7728684E+02
   1 0.7755026E+02
   3 0.7730723E+02
   3 0.6272196E+02
   2 0.7704031E+02
   2 0.7745216E+02
   1 0.7711336E+02
   2 0.7749056E+02
   2 0.7778627E+02
   1 0.7636147E+02
   1 0.7726653E+02
   3 0.7693311E+02
   1 0.7650150E+02
   3 0.7660809E+02
   1 0.6770953E+02
   2 0.7772953E+02
   1 0.7674936E+02
   2 0.7767576E+02
   2 0.7729835E+02
   2 0.7683286E+02
   3 0.7676409E+02
   3 0.7684855E+02
   1 0.7736019E+02
   3 0.7574301E+02
   1 0.7691050E+02
   2 0.7692093E+02
   1 0.7676008E+02
   1 0.7703263E+02
   3 0.7705612E+02
   1 0.7662904E+02
   3 0.7685952E+02
   2 0.7705154E+02
   3 0.7761993E+02
   2 0.7671730E+02
   3 0.7746713E+02
   2 0.7730136E+02
   3 0.7789014E+02
   1 0.7715453E+02
   3 0.7165654E+02
   1 0.7733885E+02
   3 0.7754374E+02
   2 0.7694241E+02
   3 0.7621952E+02
   1 0.7658764E+02
   2 0.7735723E+02
   3 0.7674992E+02
   1 0.7675701E+02
   2 0.7609781E+02
   2 0.7715702E+02
   1 0.7635513E+02
   3 0.7782781E+02
   2 0.7712792E+02
   3 0.7798186E+02
   2 0.7685803E+02
   1 0.7737295E+02
   2 0.7737041E+02
   3 0.7682835E+02
   1 0.7725619E+02
   2 0.7690455E+02
   2 0.1994122E+02
   3 0.7749540E+02
   1 0.7699399E+02
   2 0.7665731E+02
   1 0.7794797E+02
   3 0.7674390E+02
   2 0.7692928E+02
   1 0.7703877E+02
   3 0.7714096E+02
   2 0.7717293E+02
   1 0.7666205E+02
   1 0.7767092E+02
   2 0.7675409E+02
   2 0.7713883E+02
   3 0.7727409E+02
   1 0.7706468E+02
   2 0.7675634E+02
   1 0.7710268E+02
   2 0.7770473E+02
   1 0.7665823E+02
   3 0.7714507E+02
   2 0.7694590E+02
   2 0.7689995E+02
   2 0.7761645E+02
   2 0.7736060E+02
   1 0.7717537E+02
   1 0.2178008E+02
   3 0.7695109E+02
   3 0.7731472E+02
   1 0.7684185E+02
   1 0.5986596E+02
   2 0.7689106E+02
   2 0.7350337E+02
   2 0.7642905E+02
   3 0.7734504E+02
   2 0.7672040E+02
   1 0.7759768E+02
   1 0.5373039E+02
   3 0.7677860E+02
   2 0.7642485E+02
   3 0.7734375E+02
   2 0.7668517E+02
   2 0.7713539E+02
   2 0.6963507E+02
   1 0.7677691E+02
   3 0.7701260E+02
   3 0.7715290E+02
   3 0.7801183E+02
   2 0.7720495E+02
   1 0.7726659E+02
   2 0.7675009E+02
   1 0.7757662E+02
   1 0.7771886E+02
   3 0.7731173E+02
   3 0.7797013E+02
   2 0.7698571E+02
   2 0.7751040E+02
   3 0.7635864E+02
   1 0.7700690E+02
   3 0.7737169E+02
   1 0.7668801E+02
   1 0.7431000E+02
   1 0.7599825E+02
   2 0.7747694E+02
   3 0.7693722E+02
   3 0.7740864E+02
   3 0.7626093E+02
   1 0.7744805E+02
   2 0.7759318E+02
   1 0.7648251E+02
   1 0.7661528E+02
   3 0.7715346E+02
   1 0.7652988E+02
   2 0.7743801E+02
   1 0.6555527E+02
   1 0.7656180E+02
   3 0.7686334E+02
   2 0.7726274E+02
   2 0.7675057E+02
   1 0.7705238E+02
   3 0.7680473E+02
   2 0.7683391E+02
   3 0.7745687E+02
   2 0.7731823E+02
   3 0.7698146E+02
   3 0.5159610E+02
   1 0.7710042E+02
   1 0.7689711E+02
   2 0.7688645E+02
   2 0.7657048E+02
   3 0.7706160E+02
   1 0.7717637E+02
