   1 0.1940742E+02
   4 0.1954764E+02
   2 0.1849594E+02
   7 0.1874296E+02
   3 0.1894658E+02
   5 0.1997681E+02
   6 0.1889392E+02
   1 0.1989868E+02
   4 0.2018873E+02
   2 0.1947604E+02
   3 0.1948204E+02
   7 0.1971878E+02
   6 0.2045180E+02
   5 0.1945392E+02
   1 0.1854078E+02
   4 0.1979029E+02
   3 0.1977777E+02
   7 0.1958316E+02
   5 0.1884795E+02
   6 0.1908022E+02
   2 0.1952180E+02
   1 0.1984110E+02
   4 0.1988550E+02
   3 0.1936680E+02
   5 0.1871687E+02
   6 0.1979008E+02
   7 0.1992554E+02
   2 0.1810990E+02
   1 0.1890461E+02
   4 0.2000524E+02
   3 0.1998903E+02
   6 0.1917946E+02
   5 0.1947125E+02
   7 0.1989537E+02
   2 0.2029723E+02
   1 0.1960823E+02
   4 0.1940313E+02
   3 0.1993869E+02
   5 0.1967547E+02
   6 0.2008813E+02
   7 0.1979944E+02
   2 0.2000779E+02
   1 0.2022896E+02
   4 0.2026602E+02
   3 0.1847606E+02
   5 0.1922626E+02
   6 0.2078433E+02
   7 0.1964567E+02
   2 0.1885425E+02
   1 0.1952057E+02
   4 0.1923149E+02
   3 0.2003536E+02
   5 0.1906402E+02
   6 0.1977933E+02
   7 0.1873946E+02
   2 0.2150345E+02
   1 0.1978816E+02
   4 0.1969421E+02
   3 0.2062222E+02
   5 0.1930286E+02
   6 0.1906448E+02
   7 0.1808638E+02
   2 0.1967145E+02
   7 0.2032846E+02
   1 0.1958465E+02
   4 0.1956451E+02
   3 0.1975839E+02
   5 0.1959686E+02
   6 0.1960822E+02
   2 0.1970193E+02
   7 0.1945327E+02
   1 0.1989472E+02
   4 0.1924439E+02
   3 0.1873175E+02
   5 0.2051693E+02
   6 0.2019820E+02
   2 0.1922588E+02
   7 0.1944602E+02
   1 0.1825545E+02
   4 0.1912192E+02
   3 0.1927144E+02
   5 0.1965624E+02
   6 0.1930534E+02
   2 0.1864883E+02
   7 0.1911357E+02
   1 0.2028443E+02
   4 0.1932739E+02
   3 0.1970899E+02
   6 0.1874345E+02
   5 0.2031541E+02
   2 0.2019397E+02
   7 0.1994518E+02
   1 0.1919207E+02
   4 0.2069517E+02
   6 0.1887494E+02
   3 0.1901586E+02
   5 0.2011866E+02
   2 0.1936029E+02
   7 0.1971035E+02
   1 0.1950014E+02
   4 0.2021494E+02
   6 0.1994994E+02
   3 0.1915758E+02
   5 0.1911195E+02
   2 0.2154307E+02
   7 0.2069002E+02
   1 0.1906181E+02
   4 0.1850500E+02
   6 0.1928548E+02
   3 0.1963932E+02
   5 0.1953119E+02
   2 0.1909034E+02
   7 0.1989305E+02
   1 0.2001994E+02
   4 0.2100266E+02
   6 0.1862187E+02
   3 0.1970197E+02
   5 0.1931867E+02
   2 0.2006770E+02
   7 0.1896485E+02
   1 0.1975921E+02
   4 0.1901449E+02
   6 0.1903893E+02
   3 0.1940343E+02
   5 0.1864915E+02
   2 0.1959166E+02
   4 0.1941235E+02
   7 0.1991382E+02
   1 0.1941054E+02
   6 0.2016406E+02
   5 0.1991033E+02
   3 0.1921958E+02
   2 0.2054835E+02
   4 0.2016969E+02
   7 0.1988421E+02
   1 0.1989138E+02
   6 0.2136276E+02
   5 0.1991486E+02
   3 0.1949311E+02
   2 0.1973542E+02
   4 0.1995806E+02
   7 0.2024120E+02
   1 0.1957366E+02
   6 0.1907441E+02
   5 0.1938928E+02
   3 0.1910430E+02
   2 0.1896433E+02
   6 0.1817339E+02
   4 0.1986422E+02
   7 0.2038536E+02
   1 0.1950209E+02
   5 0.1899592E+02
   3 0.1905163E+02
   6 0.1972297E+02
   2 0.1914543E+02
   4 0.1962651E+02
   1 0.1923446E+02
   7 0.1930936E+02
   5 0.2035874E+02
   3 0.1978067E+02
   6 0.1965844E+02
   4 0.2041030E+02
   2 0.1918372E+02
   7 0.1928851E+02
   1 0.1960214E+02
   5 0.1847554E+02
   3 0.1992277E+02
   4 0.1967115E+02
   6 0.1954714E+02
   2 0.1916627E+02
   1 0.1988132E+02
   7 0.1945791E+02
   3 0.1979733E+02
   6 0.2056527E+02
   4 0.1931148E+02
   5 0.1941246E+02
   2 0.2044092E+02
   1 0.1869246E+02
   7 0.1929358E+02
   3 0.1959936E+02
   6 0.1993718E+02
   4 0.1914510E+02
   5 0.1967119E+02
   2 0.1911086E+02
   1 0.2077249E+02
   7 0.1827406E+02
   3 0.1995706E+02
   6 0.1908354E+02
   4 0.1930707E+02
   5 0.1899937E+02
   2 0.1910731E+02
   1 0.1857777E+02
   7 0.1986746E+02
   3 0.1996177E+02
   6 0.2088431E+02
   5 0.2039180E+02
   4 0.1989243E+02
   2 0.1930503E+02
   1 0.1880503E+02
   7 0.1932591E+02
   3 0.1856531E+02
   6 0.2015457E+02
   5 0.1921694E+02
   4 0.1976862E+02
   2 0.1965386E+02
   1 0.1980389E+02
   7 0.1914357E+02
   3 0.1971724E+02
   6 0.1946572E+02
   4 0.1904866E+02
   5 0.1931970E+02
   1 0.2011342E+02
   2 0.1927851E+02
   7 0.1958780E+02
   3 0.2070225E+02
   6 0.1847031E+02
   5 0.1935819E+02
   4 0.2011396E+02
   1 0.1844437E+02
   2 0.1953700E+02
   7 0.1935677E+02
   3 0.1962014E+02
   6 0.1884575E+02
   5 0.1996525E+02
   1 0.1990227E+02
   4 0.1812234E+02
   2 0.1864877E+02
   7 0.1986541E+02
   3 0.1929756E+02
   6 0.1853391E+02
   1 0.2106283E+02
   5 0.1882046E+02
   4 0.1849239E+02
   2 0.1948493E+02
   7 0.1917427E+02
   3 0.1908734E+02
   6 0.1932653E+02
   1 0.1914993E+02
   5 0.1937710E+02
   2 0.2022284E+02
   4 0.1857684E+02
   7 0.1965831E+02
   3 0.1882553E+02
   6 0.2131698E+02
   1 0.2040103E+02
   5 0.1866387E+02
   2 0.1873351E+02
   4 0.2023334E+02
   7 0.2016339E+02
   3 0.1900758E+02
   6 0.1945110E+02
   1 0.1971508E+02
   5 0.1972707E+02
   2 0.2007059E+02
   4 0.1975603E+02
   7 0.1878453E+02
   6 0.1973491E+02
   1 0.1954440E+02
   3 0.2013214E+02
   5 0.1973398E+02
   2 0.1967068E+02
   4 0.1860216E+02
   7 0.2005824E+02
   1 0.1998942E+02
   6 0.1883356E+02
   3 0.1919325E+02
   5 0.1910263E+02
   2 0.2022187E+02
   4 0.1976739E+02
   7 0.1969185E+02
   1 0.2057451E+02
   6 0.2054227E+02
   3 0.1956674E+02
   5 0.1950022E+02
   2 0.1935840E+02
   4 0.2036713E+02
   7 0.1996134E+02
   1 0.2006147E+02
   6 0.1986012E+02
   3 0.1855776E+02
   5 0.2134708E+02
   2 0.1829538E+02
   7 0.2019855E+02
   4 0.1918912E+02
   1 0.1940452E+02
   6 0.1959933E+02
   3 0.1933510E+02
   5 0.1952150E+02
   2 0.1859529E+02
   7 0.1928559E+02
   4 0.1842400E+02
   1 0.1945225E+02
   6 0.1930950E+02
   3 0.1974526E+02
   5 0.1936898E+02
   2 0.2116158E+02
   7 0.1950400E+02
   4 0.1980621E+02
   1 0.1875510E+02
   6 0.1894967E+02
   3 0.2049951E+02
   2 0.2077350E+02
   5 0.1911838E+02
   7 0.1988190E+02
   4 0.1898940E+02
   1 0.1958700E+02
   6 0.1965014E+02
   3 0.2002914E+02
   2 0.1944168E+02
   7 0.1983205E+02
   5 0.1982919E+02
   4 0.1935384E+02
   1 0.1906578E+02
   6 0.1919891E+02
   3 0.1907663E+02
   7 0.1837475E+02
   2 0.1979169E+02
   5 0.2098439E+02
   4 0.2036105E+02
   1 0.2125967E+02
   6 0.1983534E+02
   3 0.1956329E+02
   7 0.1890101E+02
   2 0.1998429E+02
   4 0.2023343E+02
   5 0.1968705E+02
   1 0.1932887E+02
   6 0.1958844E+02
   3 0.1900348E+02
   7 0.1941379E+02
   2 0.1917504E+02
   4 0.1952678E+02
   5 0.1889033E+02
   1 0.1904605E+02
   6 0.1978494E+02
   3 0.1983474E+02
   7 0.1980599E+02
   2 0.1866041E+02
   4 0.1995852E+02
   5 0.2063067E+02
   1 0.1934508E+02
   6 0.1961756E+02
   3 0.1949852E+02
   7 0.1945255E+02
   2 0.1874183E+02
   4 0.1959701E+02
   5 0.2028827E+02
   1 0.1957018E+02
   6 0.1971902E+02
   3 0.1958032E+02
   2 0.1968066E+02
   7 0.1847999E+02
   4 0.1878807E+02
   5 0.1966142E+02
   1 0.1960525E+02
   6 0.1910340E+02
   3 0.2046675E+02
   7 0.1927303E+02
   2 0.1911671E+02
   4 0.2000686E+02
   5 0.1946206E+02
   1 0.1992289E+02
   6 0.2030289E+02
   3 0.1917135E+02
   7 0.1918696E+02
   2 0.1939420E+02
   4 0.2039537E+02
   5 0.1926222E+02
   2 0.1957949E+02
   1 0.2098809E+02
   6 0.2004593E+02
   3 0.1921114E+02
   7 0.1876236E+02
   4 0.2003020E+02
   5 0.1858455E+02
   1 0.1927813E+02
   2 0.2027716E+02
   6 0.2007394E+02
   3 0.1915369E+02
   7 0.2012799E+02
   4 0.1978473E+02
   5 0.1963434E+02
   1 0.1867266E+02
   2 0.1921836E+02
   6 0.1912124E+02
   3 0.1881648E+02
   7 0.1995559E+02
   4 0.2051348E+02
   5 0.2094236E+02
   1 0.1931943E+02
   2 0.2078426E+02
   4 0.1854631E+02
   6 0.1925981E+02
   3 0.2000703E+02
   7 0.1891235E+02
   5 0.2018280E+02
   1 0.2101571E+02
   2 0.1845422E+02
   4 0.1931543E+02
   6 0.1951741E+02
   3 0.1936193E+02
   7 0.1979745E+02
   5 0.1933359E+02
   1 0.1887156E+02
   2 0.1870781E+02
   4 0.1937589E+02
   3 0.1994740E+02
   6 0.1880534E+02
   7 0.1842092E+02
   5 0.1949373E+02
   1 0.1862608E+02
   2 0.1968156E+02
   4 0.1929006E+02
   3 0.1843623E+02
   6 0.1956593E+02
   7 0.1923107E+02
   5 0.1936819E+02
   1 0.1955646E+02
   2 0.2008266E+02
   4 0.1935409E+02
   3 0.2002235E+02
   6 0.1930934E+02
   7 0.1823174E+02
   5 0.2047941E+02
   1 0.2032517E+02
   2 0.1935207E+02
   4 0.1941270E+02
   3 0.1965613E+02
   6 0.1986064E+02
   7 0.1946607E+02
   1 0.1970090E+02
   5 0.1991405E+02
   2 0.1916609E+02
   4 0.2045204E+02
   3 0.1866568E+02
   6 0.1974146E+02
   7 0.2015171E+02
   1 0.1959676E+02
   5 0.2025822E+02
   2 0.1978930E+02
   4 0.1921624E+02
   3 0.2007174E+02
   6 0.1994604E+02
   7 0.1944487E+02
   1 0.1936093E+02
   5 0.1848647E+02
   4 0.1884132E+02
   2 0.1926046E+02
   3 0.1993708E+02
   6 0.1921695E+02
   7 0.1946725E+02
   1 0.1951430E+02
   5 0.2092297E+02
   4 0.1938871E+02
   2 0.1892976E+02
   3 0.1853768E+02
   6 0.1891632E+02
   7 0.1950765E+02
   1 0.1980874E+02
   5 0.1938181E+02
   4 0.2026086E+02
   2 0.1958674E+02
   3 0.2038560E+02
   6 0.1941500E+02
   7 0.1916614E+02
   1 0.2060326E+02
   5 0.1943148E+02
   4 0.1959063E+02
   2 0.1944104E+02
   3 0.1984658E+02
   6 0.1949337E+02
   7 0.1918038E+02
   1 0.2038193E+02
   5 0.1987674E+02
   4 0.2059698E+02
   2 0.1860160E+02
   3 0.1961585E+02
   6 0.1965366E+02
   7 0.1865026E+02
   1 0.1989414E+02
   5 0.1969890E+02
   4 0.1884281E+02
   2 0.1899301E+02
   3 0.2051354E+02
   6 0.1957193E+02
   7 0.1970879E+02
   1 0.1846597E+02
   5 0.1883664E+02
   4 0.1954817E+02
   2 0.1904954E+02
   3 0.1981328E+02
   6 0.2035056E+02
   7 0.1930044E+02
   1 0.1940220E+02
   5 0.1935540E+02
   1 0.2162034E+02
   4 0.1955016E+02
   2 0.1991566E+02
   3 0.1909739E+02
   6 0.2040080E+02
   7 0.2052993E+02
   5 0.1964626E+02
   1 0.1979986E+02
   4 0.2047848E+02
   2 0.1921903E+02
   3 0.1871099E+02
   6 0.1918520E+02
   7 0.1998965E+02
   5 0.1993226E+02
   1 0.1974568E+02
   4 0.1928644E+02
   2 0.1971145E+02
   3 0.1950425E+02
   6 0.1928256E+02
   7 0.2012290E+02
   5 0.1926408E+02
   1 0.1899359E+02
   4 0.1941335E+02
   2 0.1894897E+02
   3 0.1872668E+02
   6 0.1927684E+02
   7 0.2045985E+02
   5 0.2003715E+02
   1 0.2107318E+02
   4 0.1955852E+02
   2 0.1985198E+02
   3 0.1952268E+02
   6 0.1906915E+02
   7 0.1938560E+02
   1 0.1910112E+02
   5 0.1945705E+02
   4 0.2104871E+02
   2 0.1898848E+02
   3 0.2073696E+02
   6 0.1920811E+02
   7 0.2032138E+02
   1 0.1964899E+02
   5 0.2020212E+02
   4 0.1923819E+02
   2 0.1931670E+02
   3 0.1973798E+02
   6 0.1981069E+02
   7 0.2037061E+02
   1 0.1960347E+02
   5 0.2019685E+02
   4 0.1994967E+02
   2 0.1898279E+02
   3 0.1905305E+02
   6 0.1982998E+02
   7 0.1910644E+02
   1 0.1917532E+02
   5 0.2018752E+02
   4 0.2025580E+02
   2 0.1932179E+02
   3 0.1910438E+02
   6 0.1957625E+02
   7 0.1896481E+02
   1 0.1956581E+02
   5 0.1909384E+02
   4 0.1962831E+02
   2 0.2002134E+02
   3 0.1931503E+02
   6 0.1953323E+02
   7 0.1961278E+02
   1 0.1946240E+02
   5 0.1957425E+02
   4 0.1862088E+02
   2 0.1996296E+02
   3 0.2130911E+02
   6 0.1990610E+02
   7 0.1934960E+02
   1 0.1888958E+02
   6 0.2048048E+02
   5 0.1925296E+02
   4 0.1970103E+02
   2 0.1869417E+02
   3 0.1898887E+02
   1 0.2000940E+02
   7 0.1937256E+02
   6 0.1990275E+02
   5 0.2032083E+02
   4 0.1935428E+02
   2 0.1991635E+02
   3 0.2014103E+02
   1 0.1962157E+02
   6 0.1858399E+02
   7 0.1908244E+02
   5 0.2030220E+02
   4 0.1969927E+02
   7 0.2053704E+02
   2 0.1915315E+02
   3 0.1848005E+02
   1 0.2116865E+02
   6 0.1985636E+02
   5 0.1968052E+02
   4 0.2006274E+02
   7 0.1871939E+02
   2 0.2022247E+02
   3 0.1892117E+02
   1 0.1931808E+02
   6 0.1991075E+02
   5 0.1973098E+02
   4 0.1870216E+02
   7 0.1891154E+02
   2 0.2069113E+02
   3 0.1941946E+02
   1 0.1866968E+02
   6 0.1941573E+02
   5 0.2001034E+02
   4 0.1851097E+02
   7 0.1948965E+02
   2 0.1941648E+02
   3 0.2073289E+02
   1 0.1990617E+02
   6 0.1889262E+02
   5 0.1941212E+02
   4 0.1898549E+02
   7 0.1955404E+02
   2 0.1989131E+02
   3 0.1874973E+02
   1 0.1859009E+02
   6 0.1849131E+02
   5 0.1952143E+02
   4 0.1982229E+02
   7 0.1848912E+02
   3 0.2060195E+02
   2 0.1992010E+02
   1 0.1935728E+02
   6 0.1936141E+02
   5 0.1984701E+02
   4 0.1917584E+02
   7 0.1900690E+02
   3 0.1929377E+02
   2 0.1894508E+02
   1 0.1956293E+02
   6 0.2004358E+02
   5 0.2005154E+02
   4 0.1987107E+02
   7 0.2039894E+02
   3 0.2071361E+02
   2 0.1947251E+02
   1 0.1958315E+02
   6 0.2048657E+02
   5 0.2027645E+02
   7 0.1895448E+02
   4 0.1981008E+02
   3 0.1968377E+02
   2 0.1947984E+02
   1 0.1907794E+02
   6 0.1879414E+02
   5 0.1947664E+02
   7 0.2067399E+02
   4 0.1974168E+02
   3 0.1948837E+02
   2 0.1901192E+02
   1 0.1863374E+02
   6 0.2080147E+02
   2 0.2157142E+02
   5 0.2010477E+02
   7 0.1971466E+02
   4 0.1968446E+02
   1 0.1965686E+02
   3 0.1919134E+02
   6 0.2045311E+02
   2 0.2114820E+02
   5 0.1926806E+02
   7 0.1962588E+02
   4 0.1959652E+02
   1 0.1885351E+02
   3 0.1964657E+02
   6 0.1950316E+02
   2 0.1881439E+02
   5 0.1834574E+02
   7 0.1914519E+02
   4 0.1872202E+02
   1 0.2031175E+02
   3 0.1928967E+02
   6 0.2020674E+02
   2 0.1850299E+02
   4 0.1884387E+02
   7 0.1893626E+02
   5 0.1938820E+02
   1 0.1949756E+02
   3 0.1966202E+02
   6 0.1936120E+02
   2 0.1816221E+02
   7 0.1991750E+02
   4 0.2029818E+02
   5 0.1982965E+02
   1 0.2060217E+02
   3 0.1918550E+02
   6 0.1959543E+02
   2 0.1979018E+02
   7 0.2011644E+02
   4 0.1930754E+02
   5 0.1945009E+02
   1 0.1971419E+02
   3 0.1865192E+02
   6 0.1989383E+02
   2 0.1982285E+02
   7 0.1947576E+02
   4 0.1858320E+02
   5 0.2007735E+02
   1 0.1830621E+02
   3 0.1909556E+02
   6 0.1908439E+02
   2 0.1895563E+02
   7 0.1904843E+02
   4 0.2027268E+02
   5 0.1984205E+02
   1 0.2017015E+02
   3 0.2036029E+02
   6 0.1934634E+02
   2 0.1957337E+02
   7 0.1877607E+02
   4 0.2005778E+02
   5 0.1903772E+02
   1 0.2054577E+02
   3 0.1997481E+02
   6 0.1940425E+02
   2 0.1921432E+02
   7 0.1959150E+02
   4 0.1996410E+02
   5 0.1982987E+02
   1 0.1944030E+02
   3 0.1930617E+02
   6 0.1972855E+02
   2 0.1844420E+02
   7 0.1965824E+02
   4 0.2010479E+02
   5 0.1997193E+02
   1 0.1860496E+02
   3 0.2002961E+02
   6 0.2023400E+02
   2 0.1953760E+02
   7 0.1969275E+02
   4 0.1995451E+02
   5 0.1968831E+02
   1 0.1933580E+02
   3 0.1988457E+02
   6 0.1968046E+02
   2 0.1860889E+02
   7 0.1891000E+02
   4 0.1947312E+02
   1 0.2128566E+02
   5 0.2039518E+02
   3 0.1908733E+02
   6 0.1956560E+02
   2 0.1972275E+02
   4 0.1951872E+02
   7 0.1968239E+02
   1 0.1938424E+02
   5 0.1924541E+02
   3 0.1945429E+02
   6 0.1916210E+02
   2 0.1965200E+02
   7 0.1918234E+02
   4 0.1851354E+02
   1 0.1867611E+02
   5 0.1940767E+02
   3 0.2037932E+02
   6 0.2048229E+02
   2 0.2091511E+02
   7 0.1935880E+02
   4 0.1908425E+02
   1 0.1916183E+02
   5 0.2058503E+02
   3 0.1775985E+02
   6 0.1869445E+02
   2 0.1981682E+02
   7 0.1895539E+02
   4 0.1877284E+02
   1 0.1940651E+02
   5 0.1962742E+02
   3 0.2031983E+02
   6 0.1829873E+02
   2 0.2005406E+02
   7 0.1941406E+02
   4 0.1926146E+02
   1 0.2034070E+02
   5 0.1903744E+02
   3 0.1958266E+02
   7 0.1914761E+02
   6 0.1965519E+02
   2 0.1976488E+02
   1 0.1938555E+02
   4 0.1860001E+02
   5 0.1989762E+02
   3 0.1944803E+02
   7 0.1922915E+02
   6 0.1905622E+02
   2 0.2031706E+02
   1 0.1840190E+02
   4 0.1927271E+02
   5 0.1907377E+02
   3 0.1819481E+02
   7 0.1949536E+02
   6 0.1944773E+02
   2 0.1890011E+02
   1 0.1896192E+02
   4 0.1934527E+02
   5 0.1940164E+02
   3 0.2022970E+02
   7 0.1943213E+02
   6 0.2053192E+02
   2 0.1944073E+02
   1 0.1922247E+02
   4 0.1947281E+02
   5 0.1901967E+02
   3 0.2037109E+02
   7 0.1849118E+02
   6 0.1934912E+02
   2 0.1894975E+02
   1 0.1951470E+02
   4 0.1995594E+02
   5 0.1923048E+02
   3 0.1906875E+02
   7 0.1928527E+02
   6 0.1928914E+02
   2 0.1937518E+02
   1 0.1960266E+02
   4 0.1995492E+02
   5 0.2031533E+02
   3 0.1956242E+02
   7 0.1910017E+02
   6 0.1969208E+02
   2 0.1932367E+02
   1 0.1931788E+02
   4 0.1903044E+02
   5 0.1887795E+02
   3 0.1934622E+02
   7 0.1960691E+02
   6 0.1927538E+02
   2 0.1922162E+02
   1 0.1992722E+02
   4 0.1960065E+02
   2 0.2010672E+02
   5 0.1991168E+02
   3 0.1984676E+02
   7 0.2079482E+02
   6 0.1874025E+02
   1 0.1956666E+02
   4 0.2036954E+02
   2 0.1869446E+02
   5 0.1924683E+02
   3 0.1955873E+02
   7 0.1837725E+02
   6 0.1986630E+02
   1 0.2005998E+02
   4 0.1967973E+02
   2 0.1920610E+02
   5 0.2007582E+02
   3 0.2028348E+02
   7 0.1969370E+02
   6 0.2164979E+02
   1 0.1993716E+02
   4 0.1934077E+02
   5 0.1973976E+02
   2 0.2012637E+02
   3 0.1932826E+02
   7 0.2011160E+02
   6 0.2006535E+02
   1 0.1992464E+02
   4 0.1955253E+02
   5 0.2025030E+02
   2 0.1878703E+02
   3 0.2006893E+02
   7 0.2039715E+02
   6 0.1902428E+02
   1 0.1966233E+02
   4 0.1975900E+02
   5 0.1861466E+02
   2 0.1959147E+02
   3 0.1917241E+02
   7 0.1959173E+02
   6 0.1983832E+02
   1 0.1922994E+02
   4 0.1835637E+02
   5 0.1976673E+02
   2 0.1934097E+02
   3 0.1887682E+02
   7 0.2036195E+02
   6 0.1966796E+02
   1 0.2035747E+02
   4 0.1949783E+02
   5 0.1863876E+02
   2 0.1953065E+02
   3 0.1951352E+02
   7 0.1962107E+02
   6 0.1812075E+02
   1 0.1900660E+02
   4 0.1901267E+02
   5 0.1905497E+02
   2 0.1925130E+02
   3 0.1986665E+02
   6 0.1976100E+02
   7 0.1913619E+02
   1 0.1917471E+02
   4 0.1884021E+02
   5 0.1870627E+02
   2 0.2090306E+02
   3 0.1947796E+02
   6 0.1913656E+02
   7 0.1961670E+02
   1 0.1905571E+02
   4 0.1981463E+02
   5 0.1937707E+02
   2 0.1850042E+02
   3 0.1933819E+02
   6 0.1892014E+02
   7 0.1998410E+02
   1 0.1897731E+02
   4 0.1994536E+02
   5 0.1999403E+02
   3 0.1991735E+02
   2 0.1912796E+02
   6 0.1977298E+02
   7 0.1879733E+02
   1 0.1980280E+02
   4 0.1990889E+02
   5 0.2074215E+02
   3 0.1824713E+02
   2 0.1960103E+02
   6 0.1930380E+02
   7 0.1906779E+02
   1 0.1843913E+02
   4 0.2092878E+02
   5 0.1888663E+02
   2 0.1967179E+02
   3 0.1986854E+02
   6 0.1969783E+02
   7 0.1951403E+02
   1 0.1929852E+02
   4 0.2005434E+02
   5 0.2005425E+02
   3 0.1974667E+02
   2 0.1994783E+02
   7 0.1964984E+02
   6 0.1909432E+02
   1 0.2001162E+02
   4 0.1953396E+02
   5 0.2039594E+02
   3 0.1963836E+02
   2 0.2015745E+02
   7 0.1951786E+02
   6 0.2013567E+02
   1 0.2059008E+02
   4 0.2015138E+02
   5 0.1883530E+02
   3 0.1925623E+02
   2 0.2032458E+02
   1 0.2033614E+02
   6 0.1997181E+02
   7 0.2053023E+02
   3 0.1395826E+02
   4 0.2000645E+02
   5 0.1958061E+02
   2 0.1906942E+02
   1 0.1962013E+02
   6 0.2015577E+02
   7 0.1951811E+02
   3 0.1924346E+02
   4 0.1959957E+02
   5 0.1914184E+02
   1 0.2023039E+02
   2 0.1954451E+02
   6 0.1947876E+02
   7 0.1931153E+02
   3 0.1947391E+02
   4 0.1907170E+02
   5 0.1854328E+02
   1 0.1904790E+02
   2 0.2068524E+02
   6 0.2012359E+02
   7 0.1834441E+02
   3 0.1984783E+02
   4 0.1854105E+02
   5 0.1859604E+02
   1 0.1915340E+02
   2 0.1897454E+02
   6 0.1923158E+02
   7 0.1988562E+02
   3 0.1939891E+02
   4 0.1912415E+02
   5 0.2023298E+02
   1 0.1902095E+02
   2 0.1941995E+02
   6 0.1912061E+02
   7 0.1962496E+02
   3 0.1846103E+02
   4 0.1947336E+02
   5 0.1930833E+02
   1 0.2111612E+02
   2 0.1947649E+02
   7 0.1984305E+02
   6 0.1941120E+02
   3 0.1857376E+02
   4 0.1912190E+02
   5 0.1949915E+02
   1 0.2040316E+02
