 -0.211249153553496        1.01682866466755     
 -0.607709036541021      -0.762931356985266     
 -0.868293711486751      -0.266177781623675     
   1.22549358584209      -0.145203242224920     
 -0.163457205912242      -0.168104343004287     
 -0.499364834098279      -0.449318342623885     
 -0.732766629860611      -0.641269795877299     
  0.937350710815705       -1.63394141450046     
 -0.450574077875951      -0.842681852824470     
  0.784495275466527       -1.82116483434914     
 -0.607264627168061       -1.77804624336619     
 -0.285514992451176       0.915998637052944     
 -0.935581996826842       0.284515808916534     
 -4.747443967205706E-002 -3.775455221418700E-002
   1.29888888929040      -0.324321993194777     
 -0.310464758496852      -0.344673890901095     
   1.55993041440115      -0.634516623261824     
   1.97197664783306      -0.332726328822639     
 -0.840712701612328       -1.15644225414401     
  1.390274525112018E-002 -0.831763097633295     
 -3.606106192102231E-002 -0.401642299292213     
 -0.216856605074210        1.00039709916907     
  -1.69446509763504      -0.400013335861170     
 -0.818958767052006      -2.942837098435775E-003
  0.171522806631494       0.485458262933176     
  0.650056708340819      -8.746577439202403E-002
  2.320847558928235E-002 -0.720276509301519     
   2.22656656434241      -0.263434038868536     
 -0.482243809624425       -1.14511228714292     
 -0.989225812787925        1.34558830842765     
  -1.33791277291936       0.685988837829012     
  0.495401506189531       3.102584795790317E-002
  -1.18739605552771       0.315268650768325     
  0.615061697374424       0.225742034723112     
  -1.58980418938238       6.706382110242309E-002
 -0.617540209669913        2.36738745642570     
 -0.596617437408035       0.744803449201745     
 -3.219137552821516E-002   2.78229963562662     
  -2.11879195058719      -0.421672597149777     
  0.171428247908993        1.58052740383308     
  0.998906400988110       -1.82449044620205     
 -0.137690224796393        2.39256833766283     
  -1.11502755233003      -0.851020447518295     
   1.11821926323154       -1.14745626566673     
 -0.281149106914422      -0.554095470727845     
  0.422214441153953       -1.83042477767950     
 -0.131079306895289      -0.430717700690827     
 -0.146295716721755       0.151740349980022     
 -0.905900393814193       9.723153650211014E-002
 -0.336170840603881        1.57945501515393     
   1.16700753276627       0.273128342918380     
  0.664323376560255      -0.650778863158739     
  0.140321751703544       0.713690621653719     
  -1.33936453562968      -0.243532635041899     
  0.172539533931297        1.73245339005940     
  0.429660650680680        1.89070443551779     
 -0.544766949473050       0.657531372910773     
  0.592665114598486       0.295658823334769     
  0.931512598384328        1.61020192273556     
 -0.574569317313442       2.217138299352456E-002
   1.36114806233729       0.290243246444882     
   1.53890399138147       0.539551332160444     
  -1.10909588342123       -1.45480047146382     
   1.29571341270344      -0.913565617578831     
 -0.351189507308435      -0.820139339172996     
  0.341295944242464        1.15461987434973     
  0.693728284456699      -0.891763389071593     
   1.13898726142508      -0.866821323425616     
 -0.462305249486465      -0.114558648918554     
  0.748030512118861       -1.50204783877239     
  0.472965717381101      -0.457213077239657     
 -0.540746523070559       0.194128579253684     
  0.396871777669782      -9.903225948201617E-002
 -0.461676313228333      -0.970525366458328     
 -1.366837588020924E-003  0.595784985545464     
 -0.268937772159591        1.32634321369764     
 -0.658587155880705      -0.643515362413936     
  5.368492559287235E-003  -1.86292528288920     
  0.242916157877202        1.40875914159582     
  0.196776360979914       0.262817957629575     
   2.42825454711136       -1.14459304416582     
 -0.674984646657437      -0.668553565779514     
  6.963385343558175E-002  -1.56779232960739     
  0.880581668446252      -0.110000529395206     
 -0.366274823737098       0.787651744010950     
  -1.49769572295918       0.377708291756582     
 -0.320517594172716       3.227054153500113E-002
  0.816231674953206        1.31434998750498     
  0.583218801194360       0.153897384542854     
   1.65518011873476       7.378353465844276E-002
 -0.357538133176309        1.17328274774437     
  0.847134066699195      -0.377335307800252     
  0.330193277470618       -1.02740380992859     
  0.202967083221658       0.501737820608395     
   1.52337116399248        1.76586159273544     
 -0.440608267326724       -1.38918664063020     
  -2.35592374529501       0.552032156797221     
 -0.797664627633677        1.48592097791238     
 -0.884905679232877        1.19218327991476     
  0.538483396598537       -1.30743625025215     
  0.501924445986425      -0.298965920488479     
  0.643483118552665       0.131408829488003     
  0.352513584313667       -1.56490382552686     
  0.944941011228543       -2.01490518234579     
 -0.489645807591754        2.12162267806932     
  0.902983387187210       -1.98077483513857     
 -0.173412845386051       0.411011466215442     
 -0.948817840320481       0.600436311813663     
 -0.502362401858820       -1.21684925814487     
   1.05843284573067       0.110768334512182     
  0.582181173372194       1.809361212929066E-003
  0.498173277212384       0.184034003766903     
  0.286659706505113       -1.06490596340241     
 -3.604385020523280E-002 -0.165997799456780     
  0.470796232745084       -1.02531131147857     
 -0.425461693824178       0.274606834736954     
 -0.260871121141152       -1.36657112716535     
  0.284290119410012       0.978615007914061     
  0.622713348105406      -0.335486151387337     
 -0.354553030420485       0.249483328808853     
 -0.585442806046695      -0.133187467812139     
  0.691623139581791        1.99213901571935     
   1.57935668566327      -0.220099076569279     
 -0.103122910766323       0.620103006845682     
 -0.227367802727290       -1.68275181499438     
   1.10563024165445      -6.497497795131407E-002
   1.16407957861781        1.01348777490002     
  0.540311704953215       7.859143641273543E-002
   1.13594281517967       0.681966989427805     
 -0.145832538734393       1.013025572384094E-002
 -0.207250803045863       -1.38604971793153     
  -1.76128296759589      -0.772833392222227     
  0.951761384067602      -0.971617231478567     
  1.439541726424693E-002  8.592855485690286E-002
  -1.71703782620630        1.24155799546253     
 -0.407899273454643      -0.299710886534424     
   3.17638573433985      -0.837484690769322     
   1.28257534851028        1.54507600402379     
  -1.50638281839664       0.551086300701895     
 -0.528821749825301      -0.428177200363892     
  -1.90366241825409      -0.976419102480180     
  -1.35539453500122       0.316843894503337     
  0.913418052695768        1.90003090643422     
  0.155547081409862       -1.13091288357237     
 -0.829585586465101      -0.463998262868423     
 -0.713058726413335      -0.401114220692428     
 -0.444596895667500       -1.05730525880536     
 -0.608307478166387      -0.998499589057771     
   1.00335858413704       -1.38350304346393     
  0.306675017994996      -0.592619802620739     
  0.595020174614963       -1.72437212631594     
  0.363087083773084       0.260098253985415     
  0.160523556700518      -3.651891490934743E-002
  -1.47921111979944       -1.41135682194092     
  0.191863580405019       0.772012818643787     
  0.990774955679027       -1.64586417637328     
  -1.11371300927404       0.394508208343453     
  -1.07325912645481       -1.65904462893046     
 -0.214199074747321      -0.790622493297617     
  -1.12870671946489      -1.734074772858414E-002
   1.92815911394605       6.619159401135580E-002
 -0.394313087868318       0.299424683905316     
 -0.595457208838686      -0.420484944290383     
   2.23223617694956      -0.236621551383563     
  0.910735641810879       0.200491755957243     
 -0.965129121579007       -1.11594948258865     
 -0.562394406206534       -1.85340854017160     
   1.38187307493832       3.267293421241499E-002
  -1.02243845185538        1.04767952199933     
 -0.776639315909366       2.978433504008250E-003
  0.343277171730541       0.145322803716753     
 -7.822350564271462E-002   1.09110901283247     
  0.910516007885552      -0.684159760243867     
 -2.673493348895409E-002 -0.261265494186213     
 -0.343416991970176      -0.705613111503418     
  0.279194337659185      -0.682206677089021     
  0.285378403255723      -5.814519717613913E-002
 -8.177172379097671E-002  0.784923576649351     
 -0.515057866015677       0.807463094619422     
  0.203266297225453       0.354608896468321     
 -0.368095207803042        1.46110155849962     
 -0.271576448512656      -0.750755724185930     
 -0.267423344703641       0.233084324728743     
  -1.90204415828521      -0.474855632228598     
 -0.949209375156084       -2.91446859739093     
 -0.321808920632341       7.748779904115795E-002
 -0.512338610886000      -0.212901224340600     
 -0.540063425869200        2.11622054265353     
 -0.307708354869181       0.460736720577953     
 -0.248589989740011        1.82665532610447     
  3.314904439480350E-002  0.391629617221669     
  0.157436848541144       2.398325942162935E-002
 -0.960290574563304       0.234827957876570     
   1.36574033798411        1.01423422207600     
  0.248015231871108      -0.487213728972105     
 -0.757513797818649      -0.218439374765430     
  0.934381882892752      -0.122563744587674     
   2.55913467980243       0.172774306257726     
 -0.124109137359924       0.540750776400954     
   1.61209243496919      -0.130576168464924     
   1.49092318851521       -1.31337151146480     
   1.32003918526031        2.16253308098797     
  -1.01564033845634      -0.774498895103184     
  -1.18773282938868      -0.229600605338755     
  0.896179900309366       2.136255018489214E-002
  5.474437074729865E-002  -1.25979350890640     
 -3.967379615441537E-002 -0.553964308181486     
  0.578586705434128       0.964823013103294     
  0.652504883345470       -1.03703019807552     
 -0.144636511431715       9.773908331998835E-002
 -0.392032461677323      -0.686973970234927     
  0.229293224694089      -0.141653220286420     
   1.03823217831089       0.631618239709435     
  -3.01825744373609       0.154377428900910     
  0.912833040725782        1.56911486530162     
   1.27961526232504      -0.492740458765870     
 -0.251785488783189      -0.834622904973937     
 -0.705658692409553       0.425634505911775     
  -1.32660043641208       -1.34849735494510     
 -0.598581933605503       0.138852361431472     
 -0.152421662648543       7.355664377896673E-002
 -9.663409273013235E-002 -0.757756057961235     
  -1.27264791757636       0.386677582551989     
  -1.26799189732245       0.295100295837238     
  -1.74567378050184      -0.486012183114887     
   2.42328967099548        1.03883659966062     
  0.104736690488636       4.236814038663870E-002
  0.222241971388925      -0.358832880849141     
 -0.115170718128292      -7.700745693552230E-002
   1.43779258411118       0.282807435482770     
 -0.278136254434924      -0.408307565682237     
  -1.12006657785999       0.120230778395379     
  -2.52658917181023      -0.587631961619348     
 -0.470364526837702       0.825752536687253     
  0.766107974389269        1.33186311028148     
  0.756797936160323       -1.27704777066673     
  0.188250242133894      -0.702225142250421     
 -0.787245854060653       0.773351248151120     
  -1.39959331081661       -1.39441896212443     
 -0.164106668748737       0.178581602441950     
 -0.732652675671730       -1.61190411521870     
  9.112711766256001E-002   1.64745608301658     
  0.643513384682562        1.58720756733054     
  -1.59847787849359      -0.263293213241363     
  0.882290801961767      -0.285059034805794     
 -0.346588852375351      -0.830612789309142     
   1.65393882445411      -2.478174027473734E-002
   2.21714486750105       -1.88968944824340     
 -0.730821593266998      -0.840294697542585     
  0.200969133991887       5.201154332544247E-002
  0.665159230429856        2.43324698260230     
  0.246356455468421       0.693090178582481     
  0.113147925561000      -3.440799761230740E-002
   1.48588268474816       -1.50596497382083     
  0.255731343407218        1.32084571280403     
 -0.860986094596674       0.246671772535064     
  -1.08901825267648       0.484224159038030     
  0.725094903467893      -0.630812438866979     
  0.487826855362657        1.39499320182675     
 -0.484458089290736       -1.77295238227309     
 -0.520675924450818      -5.331169386515981E-002
  -1.22769428463917       -1.37251303493791     
  0.645608682167507       -1.27987821434376     
 -0.204938963360861      -0.900429780066076     
 -0.578374336673493       0.799940542709317     
 -0.445784278739337      -4.375215685121586E-004
  -1.97073726132734       0.296910220968369     
   1.04769400636901       0.662666357474862     
 -0.421311786213392       -1.29415115264159     
 -0.196449849622377       0.562252763564588     
 -0.138708179451340       0.732894389560496     
  0.200080891566139       -1.10211284690524     
   1.36831825189640       2.341550088113427E-002
 -0.123482448872273       0.583281037700876     
  -1.19405622221331      -0.251159160837847     
  -1.75005261335167        1.01592236675566     
  -1.19237473571277       0.212290438545989     
 -0.583262303950015      -0.472231549572075     
 -0.591835095203357        1.30192697885469     
  -1.23559855313882       -2.25323564507274     
  6.139754156939907E-002 -0.275553210117478     
 -0.873356630971631        1.36469057474886     
  0.582253220537789       0.370194104778314     
  0.247296428277267       0.151772921670407     
  0.581788479347762      -0.528692086938723     
  -1.21994870803670      -0.716239187745928     
   1.78494274415691      -0.499820744878834     
 -0.455706711974261      -0.411543587132200     
 -0.192904361528700       0.752706935858032     
 -0.141042929179573       -1.13669929237392     
 -0.112558241406334       0.134702018271727     
 -0.464148116552409       0.435659250107177     
   1.15064889287937       8.298832596402522E-002
  -1.09517370984451       4.299324536419093E-003
 -0.532343400924991        2.08295497253070     
 -0.729736546739760       0.373694147654180     
 -0.459421657516961       -1.85148734689417     
 -2.132655558942266E-002  0.164652137337464     
 -0.361699507377307        1.28282889062354     
  0.334731113476972       0.184933558047154     
 -0.495053449055633      -0.806284491920933     
 -0.772785261990863       0.874708625082210     
  -2.49787624235200      -4.117230123849204E-002
  0.490586097567379      -0.653850357260051     
   2.99906298822591       0.326555215396075     
  0.454646418844241       0.209361029771429     
  -1.51729241867876       -1.56194568167696     
 -0.712226339077115      -0.186969782049125     
  0.360785689426502      -0.461910604860305     
  -2.45131742170983        1.60177087932318     
 -0.379967687742007      -0.529873188316124     
 -0.513742229749988       -1.13739391205545     
  0.449206695753870       0.529503723002421     
  -1.15144784348705       0.726941149753437     
 -0.658185615721256      -0.946876572578728     
  0.174712532673042      -0.312531770213068     
  0.205908578213695      -0.147427116426168     
 -0.269540617897181      -5.300270950875924E-002
  0.259089287334936      -0.395989321925504     
 -0.971343493871083       -1.18728776360527     
 -0.983653276326994      -3.216448457941029E-002
 -0.117344737821086      -0.548974429066219     
  9.684586300526538E-002   2.44324512814598     
  0.275953211845277        2.00031319039379     
  0.482052160007212       0.779000293444171     
 -0.277341821946113      -0.240838017130762     
  -1.36573324719260        1.33917290985670     
  0.770350099046316       0.599473170515999     
  0.946328636841727      -0.541464610470018     
   1.09198703423926      -7.112883932092114E-002
  -1.15279130376952        1.43763798833150     
  -1.12425009552363       0.750725995181231     
 -0.207383852093224       0.619946985734178     
 -0.637420045030269      -0.323230955006624     
   1.12997046097775       0.326912886315425     
  0.371477610329992       0.532311644796744     
   1.06630130267952      -0.528269446164952     
 -0.549545171278061       4.121282587535838E-002
 -0.963531989974603       0.990152820772462     
 -4.808750723543301E-002 -0.693877342268563     
  0.495200618724612        2.19267966438071     
 -0.307814791554314       -1.64010941844248     
 -0.771357713280758      -0.243429028620509     
  0.320326890805918      -0.691516174211436     
  0.531169261192781       0.308766940757020     
   1.46324963931842      -0.765293595830446     
  0.559826163701213      -0.531587650022890     
 -0.669714407319966       0.717728440544361     
  -1.52726588888995      -0.814490179232964     
  0.335194687598183       0.684405652615606     
 -0.792377833042870       -1.68094605404457     
  0.133699976883572       -1.07934983409556     
 -0.323651629205948       0.353511572817387     
  0.946069324890183      -0.594524313348237     
 -0.238258946222532       -1.16404378779517     
 -0.538895060656915       -1.12716864015194     
  0.499099689945111       -1.67150680875114     
   1.05997502285951       0.300736064619938     
  0.142447996043840       0.610403915651602     
   1.33941151917840      -3.333337477171171E-002
   1.89616642687752       2.839187229198395E-002
  0.522124056863037        1.28888162870291     
  0.600370735881450      -0.599916712743028     
   1.02158694649488      -0.320647946786660     
  0.676034753806144       -1.34532188840137     
 -0.432715576524250       -1.01627708311284     
  1.796451889526940E-002  0.931434095983562     
  -1.20291045270422        1.21685698611134     
  -1.42407427581008       -1.79463538453433     
  -1.81022034141182       0.744101046374994     
 -0.253635620094660       0.697214911197974     
 -6.389929597676236E-002  0.446476768451099     
  -1.96372339659568        1.70689603317651     
  -1.22621347547498        1.12475402820242     
 -0.124500680245724       -1.43681609389614     
 -0.636329807645106        1.74637305621815     
  0.227886936161231       -1.03828991419633     
  0.297740661033103       0.899242584860431     
 -0.167229675932488      -0.550506044523317     
  0.288989767013302        1.39123861764756     
  0.979662180350347       -2.01494628611904     
 -0.547533417871925        1.40165506989254     
  0.646422258519214       -1.05146592742297     
 -8.379456450173421E-002  0.127177062731247     
   1.52223361550356       0.115096366021815     
  0.252413799564731       0.242961233329921     
  0.591128115835767       0.351797572749690     
 -0.636365933994522      -0.729042564791960     
  -1.89539277466065      -0.146574166584331     
  -1.27909631018361       0.184112245040118     
   3.04180265198471       -1.60412676907445     
  0.543503264595447        1.45987515559263     
  0.192132714156919        1.12477251768261     
  0.289412761259955       0.407072812568444     
   3.37304060897631       -1.02327783597874     
  -1.16347522314937       0.254101313226872     
  -1.81056094888596      -0.422238553723023     
  -2.71405479632469      -8.794664710622509E-002
  0.751364879227874        1.02464302925149     
  0.314427229713796      -0.741216460655697     
 -0.469545579468328       0.878901814043353     
  0.484969460812516        1.45835325084945     
   1.08859073715920      -0.929085498642688     
 -0.243267500122975      -0.116261763317964     
  -1.82177075900282      -0.167535773722211     
 -0.428690949279432        1.89609678093630     
  -1.01715139478120       -1.57922974836498     
   1.46686585397492       0.657102114929908     
 -0.637474219303956      -0.853511082115786     
  0.487376202884563       0.216564381327271     
 -0.937031984864454       0.176979529771348     
 -0.353621513596875       -1.35840541737871     
  0.307937632350221      -0.646757725687589     
 -0.628001882563207      -0.652936194703640     
 -0.203986449902956       0.367965849460001     
 -0.522457501134005       -1.19245276469956     
   1.05024223459427        1.27606794318196     
  0.788055533099474       -1.31542904201544     
   1.48356887463033      -0.606560755064069     
   1.77925934730874       0.135678060442281     
  0.856937430509898      -0.103375904868710     
 -0.190312835006386       -1.14271763954409     
  0.451332811046771      -0.214747281747476     
  0.520118801682211       0.937096656944881     
  0.683025123360895        1.79467331970084     
 -0.570314848680112      -0.284955110643960     
  -2.44760006360771       -1.32748572230467     
 -0.541711991695701       0.511446209711128     
  -1.44605426285125        1.08175066999810     
   1.10914893431455       8.028342761231330E-002
  0.364987908906517       0.789676889012470     
  0.159035932986731        1.25704235645396     
   1.18263152166906       -1.92700633239466     
  -1.71282487370317       0.969219000308512     
 -0.849421948089582        1.57013036689548     
   2.31977663415814      -0.693353513536477     
  0.379727865342705       0.726807592478147     
  0.422715485569853        1.34637567044349     
  -1.49274833534502      -0.590134017036523     
   1.13172937293754       0.636313244106539     
   1.08504423240297      -0.185885242389487     
  0.952853408987175      -0.228429010297340     
   1.35264314856093       -2.12476435428333     
  -1.79754923004491       0.633797190750509     
 -0.135789976709355        1.37589875253728     
 -0.983598024446437       0.228138956400675     
  0.454143592530169       0.788289447731541     
   1.55880807706710       0.556624726782732     
  2.924752247590321E-002 -4.589821983890637E-002
 -0.760260517415381       0.356360103107841     
  -1.14036375538838        1.69500536635565     
 -0.477038030659877       0.454039158673746     
   1.59120356392733      -0.753119426566465     
  0.588927679333439      -3.921398523037988E-002
 -0.162619439915093      -0.682975809200779     
  0.428082070056786       -1.78874130971875     
  0.244895483517263       4.828454760431928E-002
 -0.234441805169396       0.553892768450475     
  0.458587530109048       0.288635031546831     
   1.35009624616946       -1.74164582215512     
 -0.119758867872741       3.518699277872415E-002
 -0.460174250022259       9.123395724559838E-002
  2.661680898525834E-002 -0.809775858746390     
  0.310675737935511      -0.266868317189973     
  0.322194264330704       0.354128065365247     
 -0.295952677440671       0.103808242187476     
 -0.555891596676328       7.490308974728879E-004
 -0.371505837846673       6.297902172725660E-003
 -0.608109952763102       0.674083463255262     
  0.517561067605620      -0.225854495975623     
 -0.525445360302227      -0.113556012864089     
  -2.20039252972809      -0.158655732253015     
  -1.37541116495865       0.413856311081613     
 -0.455114057097285      -0.302451131818194     
   1.86496267910209       -1.05023971783497     
  -2.66835252825490        1.23547455291176     
  -1.21628877517379        1.29308344542474     
  0.869850652066814      -0.589096861335415     
  -1.10232994530450       1.319541479810430E-002
 -0.715445817498831      -0.376195835524689     
 -0.887137484590459       0.497677939792523     
 -0.648612552044339       0.781459424431810     
  0.525994638717064        2.37987613298829     
   1.08503234095251      -0.906696477609146     
  0.913396465001327      -0.526388619406580     
  0.553501792694505      -0.420950660941429     
  0.386295633377933       0.617594824383458     
 -0.338421804938825       -1.43991186449498     
  0.316380228586913      -0.800848102201456     
 -0.850616065572264       0.668777359792560     
  0.292681718913484      -0.382854930969786     
 -0.229218128608499        1.31164449372128     
  9.611605191634347E-002  0.790622760902599     
  0.621550304361657        2.32396181097490     
  -1.52684876331274       0.592052792287535     
   2.06807470950745       0.506079855141442     
  0.101488167382690      -0.135614307283647     
 -0.437026139711833       0.511114193114593     
  0.279451041183836       0.273726725264657     
  -2.53663971891567       0.866825543082282     
  0.201746012655523       0.121753367854666     
 -0.245802918277201      -0.957033519905744     
  0.377461028012682       -2.01862266478560     
  0.509458803005051       -1.24372048930146     
 -0.977359363120087      -0.650316977307121     
  0.734744710647951       0.204817548410528     
 -2.563057086340418E-002   1.40918657512469     
   1.31688099394538       1.457440792346965E-002
 -0.734861215410721        1.43813558804092     
   3.69933121532119      -0.470614768877928     
 -0.159237637009945       0.254108218475197     
  0.206036214936926       0.365778852024382     
  0.488092339535267      -0.675273157229590     
   1.05845255390729      -0.495286837128479     
   1.26549362758754        1.91094663058646     
   1.52502363743806       0.167175115876984     
 -0.405343304187272       2.084140603023315E-002
   1.67297298916551      -0.435340326500725     
   1.75123731454914       -1.13223251279149     
  -1.21558731532979        2.01605956454959     
  -1.26079141437969       7.585022159553247E-002
 -0.142293568671039        1.04671989040016     
 -0.317399101987008       0.407926235049162     
 -0.490848306266144      -0.158017396332596     
 -0.399520540301260        1.43413248643663     
 -0.612541042246492       0.926976025405154     
   1.81432049638770      -2.422848430222887E-002
  0.815404004940206      -0.409325205312330     
  0.771684178228655       -1.79893292335433     
 -0.736797451269740        1.56220514124784     
   1.78026768826110       0.253779360772042     
 -0.178933797953706      -0.182590086043863     
  -1.62684759377345      -0.284806597972610     
   1.43458315097198      -0.383038434425556     
 -0.434986115413985       0.985982141284518     
 -0.759521999678692       0.994417747475874     
 -0.741332297628860      -0.806408466822306     
  -1.29979916599819       0.444744545385977     
  -1.13992959061687       0.179053881018615     
  -1.90747540305604        1.52976805442148     
  0.931251408887173      -8.057364091812998E-002
  0.162293245051332      -0.275962302562134     
 -0.261024904897220      -0.872554807853774     
  0.542624052765448      -0.858338082215082     
 -0.752148628300630      -0.493780939909032     
  0.942296009196657       -1.93844920871642     
 -0.240051639051191       4.659614308172473E-002
   1.51617138330792      -0.709340628770708     
 -0.104886766597104       6.331278310957451E-002
 -0.363150723124539      -2.459836496347794E-002
   1.15821788992961       0.897734364287322     
  0.337555605102961      -0.753588875485387     
 -0.513594097839938      -0.947205602363248     
  -1.42087328787376        1.84510656764609     
  -1.93612657075557       1.526784429993969E-002
  0.978778329629326       -1.03062987222360     
 -0.608704829456270      -0.891595697802146     
   1.35304940466626      -0.213967345294959     
  -1.46818682260782      -0.136211225208524     
 -0.452680485651080      -0.642936257899785     
 -0.102180118991705        1.84600855499741     
 -0.702946317756583        1.97293908143945     
  0.727456965219838        1.00890157018594     
  0.632970128680950       0.825865810809805     
 -0.263277207569575       0.998243748723796     
  0.266317442277520      -0.985056047707134     
 -0.782521003331813       0.437908097792363     
  0.917569437200880      -0.248285908970742     
 -9.394983117364958E-002   2.18544555430431     
  -1.66102259639660        1.06755498524109     
  -1.18390583565575       0.566613393764620     
 -0.139242173975695       1.648385739580844E-002
 -0.257356906937501       0.868432416790243     
  0.548793791525151      -0.753850955270413     
 -0.148076542908359      -0.560650360697673     
 -0.850072188677686      -0.797333995687935     
  7.000076996360025E-002 -0.798292827603453     
 -0.729511809123374      -0.602391925811083     
   1.37986739502973      -5.482879263574331E-002
  0.881234806900930        1.77473631263635     
  0.388230003697386        1.28099906838841     
  0.210146424579301       -1.28532901086347     
 -0.297139286784530        1.19618244226849     
 -0.160486445146414      -6.840754294569538E-002
   1.04055145168484       0.514497500335694     
 -0.356451288040543       -1.08049493720935     
  -1.10259055839970       6.216442415032247E-002
  0.724264441201413       0.475864893944271     
  -1.90063810607325        1.27104534144099     
  0.248293679296377      -0.631513149524086     
  0.777818878483065      -0.588562627429548     
 -0.520483509588067      -0.146593531614315     
  -1.35906068256389      -0.402458611008489     
 -0.998328176048806        1.42757252686301     
 -4.366680970012374E-003 -0.740569664429886     
  -2.37994748485663       -1.07940290537393     
 -4.884582331045608E-003 -0.243715642733542     
  -1.06715992195684       0.177342639874421     
  0.559461006847013       0.270893319544289     
  0.636783028607044      -0.519582935452665     
 -0.314442898080598       -2.40532449738685     
 -0.233725511691452       0.740342564036527     
  0.267620151429181       0.400992170036312     
   1.71763948413213       0.692393964309421     
  -1.82170504374908      -0.148808371065801     
 -0.807760376129792       0.132336369917601     
  0.975346393451634       0.600470274366327     
 -0.674129224182070       -1.53754827939442     
  0.228550018486567       0.682457102953751     
  0.575826011840789       0.704158905979329     
   1.35472743382143       0.811490482943771     
 -0.283059811090498      -0.843510913958973     
  -1.33652927677010       0.709410041434599     
 -0.185683968946105      -9.049309637108738E-002
  -1.18595629154863       0.756606148444616     
   1.67944711149494       -1.05910352769250     
   1.93563473512535       0.880118899514862     
  -1.83003637008985      -0.290679551880586     
 -1.027975563284089E-002 -0.717474913000194     
 -0.983946625652688       6.164041906714147E-002
  0.860751288747364      -0.667796399430019     
   3.19909451426516       0.636956679917415     
   1.38659551483599      -0.182048338689743     
 -0.736448202817691      -0.423232266229413     
  0.800798727991351       0.776347697148129     
  0.845148465867265        1.16347370678339     
   1.32660652015816        1.98383839077462     
 -0.569115426846475       0.210934329541440     
   2.76931087923874      -0.505192836571541     
 -0.190220894406709       0.370175672952562     
 -0.191134091180995       0.115252587302136     
  0.745532195409003        1.56249994767657     
  0.849702373019948       -2.15261852744793     
  0.782151382686921      -0.868359397257132     
   3.13504555611851      -0.751488814228338     
  0.658087385597480       0.559532109938871     
   1.08334630443808       0.821875621713547     
   1.71333102565614       0.960636503172061     
  -1.07891348910516       0.719351091286154     
   1.31665374763821       -1.24428210218156     
 -1.546299783354843E-002 -0.273344277792012     
  0.985328067062745       -1.08784802212130     
   1.34281594187850      -0.695726129817050     
   1.05475970672432       0.971552689936808     
  0.608810240884984      -3.896271660514517E-002
  0.288236553344986      -0.808169144094560     
 -0.244642713721186       0.169076008754953     
  -2.17218052627244        2.33177316506446     
  2.907948118971770E-002  -1.73812254720225     
 -0.602713331806421       0.214303759779791     
 -4.631842844873549E-002   1.48045067667196     
  -1.33974947599571        1.60326133412904     
   1.10320139437197      -0.768548471355790     
  0.405913373851353       0.665920203076871     
  -1.17811019521366       0.576246186633881     
 -0.867844555412636        1.67274771558599     
  0.235529316408892       0.410895674939619     
 -0.714345767511693       0.366049089302830     
 -0.570531509075185        1.39562553718039     
  0.417389814943066      -0.372373195078971     
  0.418049275587139       0.636089239400543     
 -0.188273070627656      -0.585153325445220     
   1.10731509208757       0.575288906415756     
   1.02024827631804       0.533682424554239     
 -0.674944486761757       -1.64529282645299     
  -1.04714118890002      -0.390849894338117     
  -2.29224060980113        1.32936774260133     
 -0.723765778052824      -0.979038753079602     
  -1.25918657674047        1.94965334487641     
  0.515175074303213       0.940864332394478     
 -0.286691696254985       0.668975391044345     
  -1.56169835365611      -0.428637211494196     
 -0.684900047273599      -0.406846021453887     
  0.980391144450655       0.940153426943179     
  9.901125021912667E-002  -1.41543364107076     
 -0.968730068318063       0.105122947274360     
 -0.802853130162140       0.215200773823599     
   1.19026824588047        1.00130577061544     
  0.761338749645099       0.353212073604492     
  0.128729487221495       0.378555261990474     
  -1.24942810576871      -0.596444491277151     
  8.292119137075289E-002  -1.22412028855735     
  0.643781207487644       0.298708768916186     
  -1.00891919375849       -1.27407897023561     
 -0.966853720107799      -0.107075676935849     
  0.832703283093811       -1.23827991295776     
 -0.590027488970817       8.495193313626122E-002
  -1.36006057891061        3.03344022373936     
 -0.930708231745087        1.83109282599352     
 -0.447101681523120      -0.297254780411750     
  0.185980459761469      -0.856788290909774     
  -1.26201316146411       0.721279901291618     
  -1.59958648004438       -1.34796496485340     
  0.139236589388632       -1.16319333793936     
   1.19865899349603       5.251659157396746E-002
   1.01026203497068       0.533540517441093     
  0.613362926613242       -1.24350355254366     
   1.19590108515476       -1.40148188070962     
  0.881196481126575       0.579942311696318     
  0.980075929082099      -0.989511522962418     
  0.139322039228696        1.01682827017851     
  0.388947453078459       0.720401051389346     
  -2.26676472798472        1.89233641367027     
  0.154665396579106      -0.291349200611685     
  -1.58142881134630      -0.309996592443466     
  -1.56624087618040      -0.836651996468771     
 -0.273974986231367       0.250369939971941     
  -1.55924771993260       0.266320613121908     
  3.156152872096230E-002   1.00263773348914     
 -0.271678436275837       0.729727593635254     
  -1.07526205960513       0.700037415458174     
 -7.859354215805182E-002  0.146117178788930     
   1.11158218701813      -0.995079993721370     
  0.671384177936820       0.675101237943051     
 -0.798452378194527      -0.303145343084392     
 -0.506793576488253        1.35690922618915     
   1.52765639112590      -0.186654000568990     
   1.32970441872062      -0.170678375948470     
  -1.88430667739979        1.55747271776801     
   1.70465694320259        1.68882911089342     
  0.902214037574698       -1.53095889521373     
   1.34414942164599       0.740210880353502     
  0.883362228898539      -0.209595853802617     
 -1.658170877948989E-003 -0.790954262333205     
  0.257457973822058        1.39126758304149     
 -0.252862350666932        1.61083839135718     
 -0.362848385663308      -0.784457537321201     
 -0.866724665636624       -1.02395352102900     
  0.466902436612279       0.149856720108645     
 -0.656305286999998       0.238906380274699     
   1.27051044990332       -1.19675604082263     
  -1.12935851513857        1.98033187343877     
  -1.63127958450604      -0.910188436306833     
  -2.14430432512219       0.720298483877875     
  0.683806730129446      -5.043439889388251E-002
  0.433704065909732        1.28830070738481     
 -8.877481393961051E-003  0.992828471549318     
 -0.613840342560792       -1.59708798290946     
 -0.470284317244993       -1.33671373257578     
   1.59349356044811       0.864391813474727     
   1.61614783548610       -1.08296465106625     
  -1.07255619103739       -1.37236626281792     
  0.331402933655981       0.774369296961654     
  0.573109276209452       0.291167856035468     
 -4.308137015136197E-002   1.33965887607618     
  0.327774696523453       0.585060744806984     
  -1.29229088949317       0.370617675092939     
  6.361189883753149E-002   1.40676211233377     
  0.112697985112897       0.961483842895250     
   1.77886464433069      -0.526367228866588     
  9.908580210207540E-002  0.430129649731775     
  9.830780376819452E-002  -1.16189800571777     
   1.14871145011725        1.22219132985925     
 -0.691509194854603      -0.173320624491718     
  -1.66811502719103       0.439366401202216     
  0.130270052351075       0.361331086154949     
  -1.21524202002509        2.69041237872878     
 -4.246898730641414E-002 -0.431911985883927     
  6.791988098904134E-002 -0.895100990685612     
 -0.358415244093584      -0.149449267778072     
 -0.547863877901618       0.682131574173838     
 -0.986581542838010      -9.907961935305944E-002
 -0.931671083916852       -1.48695686967818     
  -2.30870483837646       -1.15392177596319     
 -0.803675853610069        1.15610932337924     
  0.227696771091141        1.09340656635367     
 -0.473183391695198       0.434047819837893     
  5.654653451733210E-002 -0.201089781670566     
   2.38841349462791        1.89256968490445     
 -0.831644601521270        2.53377590114801     
  0.836792527866619        3.19874317522716     
  0.303618600255710      -0.493011080716798     
  0.316949797397005       0.386567741149921     
   3.01149514568415      -0.604395458120038     
 -0.477369132950817      -0.416209835254691     
  0.867617990258700      -0.293602749833376     
  0.138186781015179       -1.10265831437457     
  -1.65146688494731        1.08833424020313     
 -0.210495251603266      -0.424391252273769     
 -0.725465634058671        2.63760167712718     
   1.10594520707363      -0.677382461497241     
  0.701252124960289       -1.55530398161308     
 -0.702115607637054       0.882720684017899     
  -2.10970002341735       0.217877251648136     
  0.908630224193290        1.20399933750238     
  0.126909634963080        1.31041733894822     
  0.762994928332079      -0.934810678171432     
  0.915979737633671        1.14535985516891     
  0.845475121335635       0.756048722731132     
   2.48118019382345        1.43222503295359     
  0.354207167680368      -1.025082579274345E-002
  -1.67089046159459       -1.06094423336360     
  -1.29414433180431        1.13476862476895     
  -1.48509770176294      -0.128585049272649     
 -0.922760701298316       0.607667537085701     
 -0.812593203499302        1.07408577058329     
   1.03916586629393       0.177713938082389     
  1.591938581198182E-002  0.804148476523218     
 -0.562193949967145        2.89313300045205     
  -1.01032045379531       0.572848806485691     
  -1.18283199655166       -3.83150295801186     
  -1.29232833655085       0.228810417116226     
 -0.524236920765271       0.236807874855291     
  0.645060203349092       0.385318075368098     
  0.688016434544110      -2.697582359896529E-002
   1.36850874846195       -1.15774500483589     
  0.579159232190041       0.709280392399860     
   1.96027818566296       5.459722429238273E-002
 -0.326655664521460       0.539679339098788     
  0.421589201887532       -1.99935085963663     
  0.584979395275454      -0.885695566327946     
  -2.12205116137713       0.382975817509396     
  -1.95130727820309      -0.424716578498787     
   1.70314783523888       0.975498784927840     
  0.966216221182197       0.442733407984729     
 -0.451538967008724       2.027423835798400E-002
 -0.455453811613896      -0.620170293417474     
  2.134016160134429E-002 -0.616775110078112     
 -0.717744022826857       -1.78822091390320     
 -0.115156142810001       -1.65056865021818     
 -0.303175143844856      -7.870924747108995E-002
 -0.382016606636304       -1.33382813886910     
  -1.81474227293028      -0.608217853466350     
   2.48104952802555        2.42527424042819     
 -6.029396898925362E-002   1.35273851482341     
  7.014039399361376E-002  -1.50564019509842     
 -8.522573250363330E-002 -3.278129334244308E-002
 -0.932375691466016      -0.900333545761787     
 -0.937838092862831       -2.59732011789404     
  0.205904317006500       0.685532194951345     
  0.811337038167107      -0.461841400391862     
 -0.161315229246113       0.355905019041600     
 -0.117333661650201       6.521343763708863E-002
  -1.15544349971139      -0.234832231890979     
 -0.156948078541975       0.341930293841885     
 -0.887072357140126       -1.72269466756210     
   2.06310451712968       -1.36106328748589     
 -0.906173966631651       -1.95872244407847     
  0.275960296914963       -1.62503465815042     
  -1.16853494289873      -0.607700436815216     
 -0.181591305910284       -1.39742752949339     
  0.437074234031647       0.760648372595028     
  -1.19067893263754      -0.520760998008119     
  -1.81100164238020        1.15531348127368     
  7.925685491256880E-002  0.702147563310840     
  -1.58462870997058       0.420736863354646     
 -0.294221046936624      -5.260509868012406E-002
  0.165123283164793       4.928308282329642E-002
  0.240864197917802       0.237486675253616     
 -0.310893019374479       -1.25122871473245     
  -1.15322089879263      -0.385005899916502     
 -0.387731717034680       9.990620363503422E-002
  -1.59491500434895      -0.169488682171012     
  0.463033652556509       0.721920541388662     
   1.29165914978923       0.583031259733556     
  0.722005208790868       0.967409836906897     
  -1.21699855916254      -0.265188824891642     
  -1.90120578841589      -0.113722818423826     
   1.38444276275248        1.89859646158692     
  0.342736192128406       -1.14585053977801     
 -0.503296801265243      -0.206334477001664     
 -0.281608653359805       0.406955569937985     
 -0.499097549126435       0.967968314424226     
  9.475954006388789E-003   1.86105555656082     
 -0.893809974783179        1.73930248170864     
  0.875346030259816        2.07499982857502     
  -1.78802549998499        2.64274116676819     
  0.253361880134351      -0.452060207099710     
 -0.915206381576304       0.332105800299603     
  -1.30194274396709      -0.165054659648737     
  7.655263294960755E-002  0.385320021776140     
  0.143579072143763        1.14669481455472     
 -3.914949191294913E-002 -0.561671058450822     
  9.766877405311639E-003 -0.192664709754765     
  0.341705386187989      -0.515044298138695     
   1.45191092194277      -0.271256566385509     
 -0.326341420449900        1.91821338941470     
  1.296252958900861E-002  0.962085886940922     
 -0.843545387208529      -0.917275512201087     
  -1.20279190361087       0.659248864474665     
  0.359858842916613      -0.207629134051789     
  -1.64038606738071      -0.499970821905573     
   1.30849851720025       0.658828089300233     
  0.455667844145199        1.61202285527191     
 -0.634603497398059      -0.176332760736398     
  0.517696739299093       -1.12458362750897     
  0.989165480365854      -0.164253050510317     
 -0.901433432930432      -0.334779387955158     
 -0.543806106935134       0.201137439780018     
 -6.255742124522405E-002   1.50688662317581     
  -1.26306293424164       0.400513382128295     
 -0.569561152781286       0.810763711466479     
 -0.598737273445173       -1.66397064478134     
  -1.17440108013409        1.13130645296588     
 -0.405398749957957      -0.548325912862751     
   1.59877918501713       -1.81031591878994     
 -0.236400020698695       0.787401605963058     
  -1.38678511363260       -1.93790150645306     
  0.638315884911455       -1.52017989052299     
  1.660430166541960E-002  -1.53821389659245     
  0.268407345636609       -1.23692186915157     
 -0.139153816829878       0.535425743095617     
  -1.76863675197685       0.750260387631908     
  0.575971998882119       -1.84983818063737     
  7.835076622955056E-002   2.05269039336395     
 -0.912584381620717       0.979284670107710     
  -1.80839843641449       -1.15565005181572     
 -0.676781250097711       -1.02019893870922     
  0.260585382173034      -0.999865580726654     
 -0.810034949641957      -0.870427273345934     
  -1.01874392226214       -1.07420435431236     
  0.785502011393035       0.755714611489249     
 -0.707710328784175       -1.05197400130025     
  -1.10913288781525       0.777820231221578     
   1.43582354965973      -0.682697063278418     
  0.107571285455028      -0.302893770859680     
  0.817447431826163        1.01521259061073     
 -0.629919572711693        1.18273069799341     
 -0.131125333287817       4.067373629571210E-002
  4.920406709829339E-002  8.944615070289619E-002
  4.203810138944414E-002  -1.54928422902448     
  0.651524230450394      -0.930265861769175     
   2.37436626579562       -1.52398196342599     
 -0.888911161034296      -0.915102569153362     
 -3.823673369463841E-002 -2.249341204469433E-002
  -1.22676924569810       0.719164558024038     
  5.662406229262286E-002  -1.14117505427912     
 -6.945650131418890E-002  0.907642004909936     
  0.152039937903783       0.839399547077901     
 -0.587669420096020       0.310035567076062     
  0.637482011140831        1.23487340620358     
  -1.08429860171649      -0.120424306328360     
  0.638664729202268       0.937678480375921     
  0.787440532670525       0.884868402240950     
 -0.197840937348863       0.138337555837622     
 -0.304165599385621       -1.99028304935305     
  0.825322790281136       -2.01619443573066     
   1.30024160784094      -0.362499522317854     
  -1.53476340124041       0.441868922238790     
 -1.448002253375466E-002  0.772347334678051     
  0.749062036434506       0.134664595536530     
 -0.130419588195093       0.581973999411577     
  0.588625277602172      -0.210677266835366     
   1.88480525963989       -1.32477768235430     
  -1.40824380590588       -1.50235060633580     
  7.338852569367209E-004  0.848517394954712     
 -0.263996918666382       0.494173439977849     
  -1.07093450588634       1.761568596256088E-002
 -3.637029558686768E-002   1.26665146132765     
   1.25547404453989       -1.25826083400506     
 -0.198327041611303       0.327860275787340     
 -0.269226200351728      -0.695161392204669     
   1.41798997343505      -0.982449060409469     
  0.138621683926910       0.233281867804339     
 -0.188868828948120      -0.272735970839381     
 -0.943049051890789       0.236901213890287     
  0.937578483681502       0.475245410744035     
  -1.39844911478882        1.58221002950208     
  0.237135347760664       0.459250466217701     
  0.482372594848179      -0.946491920697422     
  0.499847466827691       0.723390957145713     
  -1.15413464443105       0.554912767863303     
  0.505769599199125        2.57377225389825     
  0.662800222774691        1.03264767959857     
 -0.246118416801382       0.577133792579871     
 -0.993883054922584       0.672070580201438     
  -1.38191070949663        1.27539097075397     
 -0.775616665985515       0.155568166921435     
  9.944607536286698E-002  0.403209939633122     
 -0.703740541037436      -0.966878166035649     
  0.445366386964534       0.360960356381217     
  0.409670234273834      -0.719474641580579     
  0.221487146849522       0.450145241177651     
 -0.177874872974802       0.557692625628618     
  0.724275477970037       0.269932349260890     
  0.186597425594247        2.07472230060899     
  0.924674172700358       0.210962662282084     
  0.923112016806129       -1.48312875625459     
  0.680458052615219      -0.461271092270201     
 -3.238861110874373E-002  0.458714622994477     
 -0.486180367970370       0.517412390487747     
 -9.329616653557431E-002  9.721015051320998E-002
   1.37968395077335        1.06593896773906     
  0.915324746485835       -1.27360906094507     
 -0.996684340963700      -0.628738818665367     
   1.30307595141618       6.333601028060681E-002
 -0.449923247202059      -0.251114087636806     
 -0.191183092711267      -0.400095494036482     
  0.531380344441603       0.675823525430970     
  0.300228258770904       0.848733657454664     
 -0.594275229688750       0.372834325869146     
  0.400034005743885       0.658527538891572     
 -0.157506362966216       9.627627366252478E-003
   2.30090700761915      -0.296947913654367     
 -0.287683654723266       0.506014285478986     
  0.376851856981287      -6.331811509513387E-002
 -0.915174539895818       -1.29590782486456     
  4.455950470933759E-002  0.387902834357917     
 -0.580610227627172       6.512272898776163E-002
   1.14002257726320       0.710439023508252     
