   6 0.6368756E+02
   1 0.6349893E+02
   2 0.6348449E+02
   4 0.6244378E+02
   7 0.6271670E+02
   7 0.6359669E+02
   4 0.6278014E+02
   4 0.6281468E+02
   4 0.6226846E+02
   1 0.6282154E+02
   3 0.6274973E+02
   6 0.6282911E+02
   5 0.6353534E+02
   2 0.6300289E+02
   7 0.6289033E+02
   6 0.6221346E+02
   7 0.6194457E+02
   4 0.6296290E+02
   3 0.6276774E+02
   1 0.6324357E+02
   2 0.6299114E+02
   5 0.6245747E+02
   1 0.6232212E+02
   3 0.6291671E+02
   6 0.6294484E+02
   2 0.6316824E+02
   7 0.6279829E+02
   5 0.6236385E+02
   1 0.6250706E+02
   3 0.6265100E+02
   4 0.6334690E+02
   2 0.6259018E+02
   4 0.6399865E+02
   5 0.6263327E+02
   4 0.6293427E+02
   5 0.6283397E+02
   5 0.6296033E+02
   6 0.6333772E+02
   7 0.6287270E+02
   1 0.6274784E+02
   6 0.6301216E+02
   3 0.6235429E+02
   2 0.6349891E+02
   2 0.6313598E+02
   4 0.6254364E+02
   5 0.6313714E+02
   7 0.6324340E+02
   5 0.6242663E+02
   1 0.6240564E+02
   6 0.6253603E+02
   3 0.6272978E+02
   5 0.6285108E+02
   1 0.6198069E+02
   3 0.6200068E+02
   2 0.6310971E+02
   1 0.6297364E+02
   4 0.6268965E+02
   1 0.6338700E+02
   4 0.4310430E+02
   4 0.6261770E+02
   7 0.6317088E+02
   7 0.4139606E+02
   6 0.6324404E+02
   5 0.6244680E+02
   7 0.6360428E+02
   3 0.6360703E+02
   2 0.6294324E+02
   1 0.6298628E+02
   3 0.6225255E+02
   1 0.6330581E+02
   4 0.6286076E+02
   1 0.6226293E+02
   1 0.6399589E+02
   6 0.6279815E+02
   5 0.6210373E+02
   7 0.6278045E+02
   1 0.6163582E+02
   6 0.6310877E+02
   6 0.6345934E+02
   1 0.6332368E+02
   2 0.6262309E+02
   6 0.6326445E+02
   3 0.6277314E+02
   4 0.6333392E+02
   4 0.6345454E+02
   5 0.6302886E+02
   4 0.6316979E+02
   7 0.6262632E+02
   1 0.6292827E+02
   5 0.6207272E+02
   7 0.6208340E+02
   2 0.6246341E+02
   6 0.6323186E+02
   3 0.6316992E+02
   7 0.6263566E+02
   6 0.6246077E+02
   4 0.6216523E+02
   1 0.6257376E+02
   4 0.6210365E+02
   5 0.6205939E+02
   2 0.6310617E+02
   4 0.5506133E+02
   1 0.6286952E+02
   7 0.6366154E+02
   4 0.6375530E+02
   3 0.6252242E+02
   5 0.6245281E+02
   7 0.6336404E+02
   6 0.6245814E+02
   1 0.6280130E+02
   4 0.6266342E+02
   3 0.6296127E+02
   2 0.6315037E+02
   2 0.6317484E+02
   5 0.6375964E+02
   7 0.6348621E+02
   1 0.6286614E+02
   6 0.6253580E+02
   2 0.6321562E+02
   4 0.6313124E+02
   3 0.6267252E+02
   2 0.6347344E+02
   1 0.6229138E+02
   3 0.6244685E+02
   2 0.6300036E+02
   2 0.6343791E+02
   3 0.6241263E+02
   2 0.6181698E+02
   5 0.6331034E+02
   2 0.6224613E+02
   7 0.6312162E+02
   6 0.6341166E+02
   4 0.6297045E+02
   2 0.6426657E+02
   7 0.6232262E+02
   1 0.6266767E+02
   7 0.6231443E+02
   3 0.6298686E+02
   5 0.6263192E+02
   6 0.6254424E+02
   4 0.6314396E+02
   2 0.6327149E+02
   1 0.6310439E+02
   5 0.6270044E+02
   7 0.6286844E+02
   7 0.6356530E+02
   3 0.6243520E+02
   7 0.6363837E+02
   3 0.6333252E+02
   6 0.6279907E+02
   4 0.6325446E+02
   2 0.6326927E+02
   6 0.6248880E+02
   1 0.6317879E+02
   5 0.6299668E+02
   6 0.6309825E+02
   1 0.6281688E+02
   2 0.6226934E+02
   1 0.4667169E+02
   7 0.6237555E+02
   3 0.6283322E+02
   3 0.6302556E+02
   4 0.6291231E+02
   3 0.5155570E+02
   3 0.5719038E+02
   6 0.6253250E+02
   5 0.6299133E+02
   2 0.6329479E+02
   1 0.6329174E+02
   7 0.6287423E+02
   7 0.6261031E+02
   4 0.6325721E+02
   4 0.6397133E+02
   3 0.6306629E+02
   4 0.5790015E+02
   6 0.6301097E+02
   5 0.6248879E+02
   1 0.6314152E+02
   3 0.6293742E+02
   2 0.6277363E+02
   1 0.6240308E+02
   2 0.6234428E+02
   5 0.6284944E+02
   2 0.6339738E+02
   5 0.6382941E+02
   1 0.6247659E+02
   1 0.6353507E+02
   7 0.6330849E+02
   2 0.6335713E+02
   5 0.4722165E+02
   2 0.6347616E+02
   6 0.6366765E+02
   4 0.6263880E+02
   3 0.6296004E+02
   4 0.6348743E+02
   1 0.6282592E+02
   7 0.6239889E+02
   5 0.6247444E+02
   1 0.6310016E+02
   7 0.6248447E+02
   2 0.6276667E+02
   5 0.6273680E+02
   6 0.6227341E+02
   7 0.6245058E+02
   4 0.6288786E+02
   3 0.6301788E+02
   7 0.6219032E+02
   3 0.6410262E+02
   4 0.6227778E+02
   7 0.6277064E+02
   3 0.6317936E+02
   4 0.6381808E+02
   4 0.6345768E+02
   1 0.6228068E+02
   4 0.6178032E+02
   2 0.6276065E+02
   5 0.6264406E+02
   1 0.6338190E+02
   6 0.6248670E+02
   2 0.6310057E+02
   5 0.6325767E+02
   2 0.6280313E+02
   5 0.5503428E+02
   7 0.6263617E+02
   3 0.6277836E+02
   5 0.6221831E+02
   2 0.6237033E+02
   7 0.6206380E+02
   3 0.6280781E+02
   7 0.6260502E+02
   4 0.6255186E+02
   1 0.6326808E+02
   6 0.6303353E+02
   7 0.6289446E+02
   1 0.6235450E+02
   6 0.6344377E+02
   7 0.6339215E+02
   1 0.6291466E+02
   7 0.6338392E+02
   6 0.6284934E+02
   2 0.6266970E+02
   7 0.2534812E+02
   5 0.6221917E+02
   6 0.6319602E+02
   7 0.5205186E+02
   3 0.6268883E+02
   6 0.6381057E+02
   5 0.6323573E+02
   7 0.6245260E+02
   4 0.6361966E+02
   3 0.6377666E+02
   6 0.6216966E+02
   1 0.6220066E+02
   2 0.6279828E+02
   5 0.6371295E+02
   7 0.6286552E+02
   4 0.6272604E+02
   6 0.6258115E+02
   3 0.6243271E+02
   7 0.6412757E+02
   7 0.6293942E+02
   4 0.6242270E+02
   1 0.6280245E+02
   4 0.6311498E+02
   2 0.6337259E+02
   2 0.6350254E+02
   5 0.6322025E+02
   6 0.6282207E+02
   3 0.6255248E+02
   2 0.6304197E+02
   3 0.6243944E+02
   7 0.6217881E+02
   2 0.6342209E+02
   1 0.6330687E+02
   3 0.5728482E+02
   4 0.6254376E+02
   7 0.6152713E+02
   1 0.3995750E+02
   2 0.6289841E+02
   3 0.6343632E+02
   7 0.5706365E+02
   4 0.6355486E+02
   1 0.6337871E+02
   1 0.6312113E+02
   5 0.6278349E+02
   1 0.6213831E+02
   6 0.6262153E+02
   5 0.6301358E+02
   1 0.6266797E+02
   1 0.6295076E+02
   2 0.6241619E+02
   3 0.6324849E+02
   7 0.6254557E+02
   4 0.6349279E+02
   1 0.6188982E+02
   2 0.6335063E+02
   4 0.6278720E+02
   1 0.6225915E+02
   2 0.6231242E+02
   4 0.6290571E+02
   6 0.6321187E+02
   5 0.6304969E+02
   4 0.6205348E+02
   6 0.6202343E+02
   5 0.6289789E+02
   5 0.3905313E+02
   3 0.6210340E+02
   7 0.6326238E+02
   7 0.6339669E+02
   1 0.6274027E+02
   2 0.6316558E+02
   4 0.6289333E+02
   6 0.6287409E+02
   5 0.6318522E+02
   3 0.6264252E+02
   7 0.6351336E+02
   3 0.6302935E+02
   1 0.6328509E+02
   3 0.6326967E+02
   2 0.6265763E+02
   1 0.6292678E+02
   4 0.6313463E+02
   6 0.6317060E+02
   2 0.6228563E+02
   5 0.6290461E+02
   2 0.6300631E+02
   5 0.6216980E+02
   2 0.6252026E+02
   7 0.6291896E+02
   3 0.6314503E+02
   1 0.6292431E+02
   3 0.6297402E+02
   4 0.6279428E+02
   6 0.6298539E+02
   3 0.6290063E+02
   3 0.6270475E+02
   5 0.6217778E+02
   2 0.6278471E+02
   7 0.6266821E+02
   5 0.6330829E+02
   2 0.6438643E+02
   1 0.6289749E+02
   4 0.6203737E+02
   6 0.6285520E+02
   3 0.6309002E+02
   4 0.6160327E+02
   3 0.6231589E+02
   7 0.6312188E+02
   5 0.6209328E+02
   2 0.6292932E+02
   7 0.6248614E+02
   7 0.4497963E+01
   1 0.6242749E+02
   7 0.1373989E+02
   6 0.6289540E+02
   4 0.6292864E+02
   3 0.6302644E+02
   5 0.6282817E+02
   3 0.6278518E+02
   2 0.6292569E+02
   5 0.6202210E+02
   3 0.6239691E+02
   1 0.6326186E+02
   7 0.6316726E+02
   6 0.6244677E+02
   6 0.6293854E+02
   7 0.6326266E+02
   4 0.6280298E+02
   7 0.6338996E+02
   6 0.6240823E+02
   2 0.6335002E+02
   3 0.6319511E+02
   5 0.6290732E+02
   1 0.6221578E+02
   1 0.3518593E+02
   4 0.6271922E+02
   1 0.6258402E+02
   7 0.6282148E+02
   6 0.6273441E+02
   6 0.6304198E+02
   2 0.6301692E+02
   3 0.6308464E+02
   5 0.6243974E+02
   5 0.1607797E+02
   4 0.6280385E+02
   1 0.6265979E+02
   7 0.6230592E+02
   1 0.6351915E+02
   1 0.6219193E+02
   6 0.6249458E+02
   2 0.6301150E+02
   3 0.6293388E+02
   2 0.6254643E+02
   5 0.6310029E+02
   3 0.6228099E+02
   4 0.6326202E+02
   7 0.6306128E+02
   2 0.6258527E+02
   7 0.6087239E+02
   2 0.6365406E+02
   1 0.6299092E+02
   6 0.6311084E+02
   7 0.6325609E+02
   2 0.6349820E+02
   6 0.6196578E+02
   6 0.6197994E+02
   3 0.6316426E+02
   5 0.6296076E+02
   4 0.6300679E+02
   1 0.6274836E+02
   7 0.6292096E+02
   2 0.6284795E+02
   1 0.6320609E+02
   2 0.6283409E+02
   2 0.2821051E+02
   6 0.6338562E+02
   3 0.6302607E+02
   5 0.6315777E+02
   3 0.6305778E+02
   2 0.6240232E+02
   4 0.6294882E+02
   3 0.6279244E+02
   4 0.6215535E+02
   3 0.6327737E+02
   7 0.6278422E+02
   1 0.6282125E+02
   3 0.6222620E+02
   3 0.6240662E+02
   6 0.6299120E+02
   5 0.6296541E+02
   3 0.6226804E+02
   2 0.6321462E+02
   5 0.6308683E+02
   3 0.6280772E+02
   4 0.6229737E+02
   7 0.6287569E+02
   3 0.6264235E+02
   1 0.6236370E+02
   1 0.6352938E+02
   6 0.6233997E+02
   2 0.6351832E+02
   5 0.6308821E+02
   4 0.6286602E+02
   7 0.6271425E+02
   3 0.6239931E+02
   3 0.6292257E+02
   1 0.6299342E+02
   6 0.6243086E+02
   2 0.6276542E+02
   5 0.6252270E+02
   2 0.6285350E+02
   4 0.6309628E+02
   7 0.6337519E+02
   2 0.6242901E+02
   4 0.6259583E+02
   3 0.6291863E+02
   1 0.6303655E+02
   2 0.6252422E+02
   4 0.6354988E+02
   6 0.6314921E+02
   5 0.6310256E+02
   7 0.6288295E+02
   3 0.6320923E+02
   1 0.6281918E+02
   2 0.6212267E+02
   4 0.6247075E+02
   6 0.6291245E+02
   6 0.1977776E+02
   1 0.6293077E+02
   2 0.6215792E+02
   1 0.6330355E+02
   5 0.6310338E+02
   1 0.6258331E+02
   7 0.6286721E+02
   1 0.5953043E+02
   3 0.6243166E+02
   1 0.6282996E+02
   4 0.6320203E+02
   3 0.6311604E+02
   4 0.6277054E+02
   6 0.6313785E+02
   3 0.5144740E+02
   2 0.6281453E+02
   6 0.6334028E+02
   4 0.6286301E+02
   4 0.1883666E+02
   5 0.6260135E+02
   4 0.6295101E+02
   7 0.6302754E+02
   5 0.6257574E+02
   1 0.6258183E+02
   1 0.6229044E+02
   3 0.6309768E+02
   2 0.6361375E+02
   6 0.6221122E+02
   6 0.6334753E+02
   4 0.6277714E+02
   7 0.6273639E+02
   4 0.4865566E+02
   5 0.6293593E+02
   4 0.3861161E+02
   7 0.6265686E+02
   4 0.6316424E+02
   1 0.6235224E+02
   3 0.6195356E+02
   2 0.6286007E+02
   1 0.6289325E+02
   1 0.6354691E+02
   6 0.6295731E+02
   6 0.6293262E+02
   1 0.6274131E+02
   5 0.6261951E+02
   6 0.2805138E+02
   7 0.6329617E+02
   6 0.6295620E+02
   4 0.6307263E+02
   6 0.6349543E+02
   7 0.6322630E+02
   3 0.6251931E+02
   2 0.6271325E+02
   6 0.6201335E+02
   2 0.4641859E+02
   3 0.6223839E+02
   6 0.6258892E+02
   3 0.6270161E+02
   6 0.6266965E+02
   1 0.6292960E+02
   5 0.6293531E+02
   4 0.6312074E+02
   6 0.6237942E+02
   5 0.6280463E+02
   7 0.6282025E+02
   6 0.6355107E+02
   4 0.6227280E+02
   2 0.6208981E+02
   4 0.6247753E+02
   3 0.6228951E+02
   1 0.6247056E+02
   1 0.6264728E+02
   5 0.6281039E+02
   7 0.6298101E+02
   1 0.6203661E+02
   6 0.6339121E+02
   7 0.6266115E+02
   2 0.6291893E+02
   7 0.4465808E+02
   2 0.2740484E+02
   6 0.6195112E+02
   4 0.6216251E+02
   3 0.6268038E+02
   7 0.6257268E+02
   6 0.6329228E+02
   3 0.4982256E+02
   6 0.2744947E+02
   5 0.6255774E+02
   1 0.6242791E+02
   1 0.6292052E+02
   2 0.6271214E+02
   4 0.6283955E+02
   7 0.6257305E+02
   3 0.6338090E+02
   6 0.6296697E+02
   3 0.6295029E+02
   5 0.6301928E+02
   3 0.6291769E+02
   1 0.6272052E+02
   3 0.6262767E+02
   2 0.6275759E+02
   4 0.6264413E+02
   2 0.6284796E+02
   7 0.6271742E+02
   6 0.6311419E+02
   7 0.6296275E+02
   5 0.6296594E+02
   1 0.6255873E+02
   3 0.6284966E+02
   1 0.6250873E+02
   4 0.6299058E+02
   3 0.6282535E+02
   2 0.6246626E+02
   4 0.6232577E+02
   1 0.6211933E+02
   2 0.6295836E+02
   6 0.6361748E+02
   7 0.6289395E+02
   1 0.6211216E+02
   5 0.6280909E+02
   1 0.4338158E+02
   5 0.4531910E+02
   1 0.6370716E+02
   5 0.6301780E+02
   1 0.6212760E+02
   3 0.6243117E+02
   4 0.6288720E+02
   2 0.6325658E+02
   6 0.6305290E+02
   7 0.6284074E+02
   2 0.6259566E+02
   7 0.6244913E+02
   2 0.2777839E+01
   7 0.6263971E+02
   5 0.6341108E+02
   1 0.6284021E+02
   5 0.6420136E+02
   3 0.6258688E+02
   5 0.6293872E+02
   3 0.6310039E+02
   4 0.6224001E+02
   6 0.6309326E+02
   5 0.6290824E+02
   4 0.6281712E+02
   2 0.6244383E+02
   4 0.6353489E+02
   7 0.6300594E+02
   4 0.6330308E+02
   2 0.6263286E+02
   1 0.6317291E+02
   2 0.6238430E+02
   1 0.6353548E+02
   3 0.6296520E+02
   6 0.6233021E+02
   5 0.6335443E+02
   5 0.6287249E+02
   7 0.6306606E+02
   4 0.6309973E+02
   5 0.6212928E+02
   4 0.6376743E+02
   2 0.6328292E+02
   1 0.6284763E+02
   4 0.6310733E+02
   2 0.6401855E+02
   3 0.6288980E+02
   6 0.6291379E+02
   6 0.6316800E+02
   7 0.6240928E+02
   5 0.6245031E+02
   7 0.6209903E+02
   7 0.6301501E+02
   1 0.6327898E+02
   4 0.6323910E+02
   2 0.6265353E+02
   3 0.6331464E+02
   7 0.6259386E+02
   7 0.6266570E+02
   6 0.6245097E+02
   5 0.6282486E+02
   5 0.6300108E+02
   4 0.6293929E+02
   1 0.6285500E+02
   2 0.6337451E+02
   3 0.6247515E+02
   4 0.6296312E+02
   1 0.6211170E+02
   2 0.6258918E+02
   7 0.6271112E+02
   6 0.6302167E+02
   2 0.6292567E+02
   7 0.6251030E+02
   7 0.6269283E+02
   5 0.6318312E+02
   3 0.6298851E+02
   5 0.6249891E+02
   4 0.6271767E+02
   1 0.6294967E+02
   3 0.6253649E+02
   1 0.6401172E+02
   4 0.6313311E+02
   6 0.6280610E+02
   4 0.6255180E+02
   2 0.6278353E+02
   4 0.6329756E+02
   7 0.6280781E+02
   5 0.6304570E+02
   3 0.6294016E+02
   1 0.6332148E+02
   6 0.6248245E+02
   3 0.6260699E+02
   2 0.6287955E+02
   3 0.6356964E+02
   6 0.6201405E+02
   4 0.6411960E+02
   2 0.6367740E+02
   7 0.6290089E+02
   6 0.6344404E+02
   7 0.2524964E+02
   6 0.6295709E+02
   5 0.6323244E+02
   7 0.6250108E+02
   6 0.6233306E+02
   7 0.6337557E+02
   1 0.6252303E+02
   3 0.6328249E+02
   2 0.6223968E+02
   4 0.6346327E+02
   3 0.6313899E+02
   4 0.6326544E+02
   3 0.6225561E+02
   4 0.6294667E+02
   5 0.6291847E+02
   6 0.6307579E+02
   7 0.6294879E+02
   1 0.6264168E+02
   5 0.6221613E+02
   7 0.6336610E+02
   1 0.6291081E+02
   5 0.6284689E+02
   7 0.6314090E+02
   2 0.6247441E+02
   5 0.6286357E+02
   2 0.6244727E+02
   5 0.6208108E+02
   3 0.6341769E+02
   4 0.6334987E+02
   5 0.6341017E+02
   2 0.6207513E+02
   6 0.6251450E+02
   1 0.6287952E+02
   7 0.6290143E+02
   1 0.6378536E+02
   7 0.6329164E+02
   1 0.6253678E+02
   3 0.6262169E+02
   4 0.6312898E+02
   5 0.6322595E+02
   6 0.6264455E+02
   2 0.6256573E+02
   4 0.6369275E+02
   5 0.6412118E+02
   4 0.5534002E+02
   7 0.6229258E+02
   1 0.6284615E+02
   3 0.6250722E+02
   1 0.6342663E+02
   6 0.6332548E+02
   2 0.6313341E+02
   5 0.6295036E+02
   1 0.6264463E+02
   4 0.6306938E+02
   2 0.6288225E+02
   5 0.6339910E+02
   1 0.6284631E+02
   4 0.5141993E+02
   5 0.3024106E+02
   4 0.6264715E+02
   7 0.6264469E+02
   5 0.6181754E+02
   4 0.6284893E+02
   5 0.6212463E+02
   3 0.6246393E+02
   6 0.6316009E+02
   6 0.6305941E+02
   2 0.6227183E+02
   1 0.6236624E+02
   6 0.6266837E+02
   2 0.6212079E+02
   6 0.6239514E+02
   7 0.6258247E+02
   2 0.6356044E+02
   4 0.6237558E+02
   6 0.6264381E+02
   2 0.6316894E+02
   3 0.6295090E+02
   5 0.6229472E+02
   2 0.6324693E+02
   6 0.6238521E+02
   2 0.5993949E+02
   1 0.6240781E+02
   2 0.6326034E+02
   2 0.5810058E+02
   7 0.6296200E+02
   2 0.6217683E+02
   4 0.6265171E+02
   7 0.6256873E+02
   5 0.6286497E+02
   7 0.6212055E+02
   3 0.6239866E+02
   6 0.6261234E+02
   3 0.6207620E+02
   6 0.6268304E+02
   1 0.6300302E+02
   6 0.6259069E+02
   6 0.6370003E+02
   2 0.6290113E+02
   4 0.6280709E+02
   5 0.6286207E+02
   4 0.6239222E+02
   7 0.6265597E+02
   3 0.6244910E+02
   1 0.6240926E+02
   1 0.6352371E+02
   6 0.6258591E+02
   1 0.6291974E+02
   2 0.6307598E+02
   1 0.6273071E+02
   4 0.6278847E+02
   5 0.6253993E+02
   7 0.6343045E+02
   1 0.6237775E+02
   4 0.6322960E+02
   5 0.6195212E+02
   1 0.5302134E+02
   3 0.6295122E+02
   7 0.6307630E+02
   4 0.6297247E+02
   3 0.6404206E+02
   5 0.6303297E+02
   7 0.5134573E+02
   4 0.6336324E+02
   4 0.6302330E+02
   5 0.6234332E+02
   6 0.6262369E+02
   2 0.6259100E+02
   2 0.6332087E+02
   2 0.6281922E+02
   1 0.6275606E+02
   3 0.6348721E+02
   7 0.6293018E+02
   1 0.6229272E+02
   1 0.5782549E+02
   4 0.6333019E+02
   5 0.6230875E+02
   6 0.6302390E+02
   1 0.6266561E+02
   6 0.6194642E+02
   6 0.6234891E+02
   2 0.6263278E+02
   6 0.6299180E+02
   3 0.6317763E+02
   7 0.6313222E+02
   6 0.6305729E+02
   6 0.6281959E+02
   4 0.6327045E+02
   5 0.6323009E+02
   1 0.6310729E+02
   4 0.6249213E+02
   2 0.6231007E+02
   2 0.6303473E+02
   3 0.6220670E+02
   7 0.6345090E+02
   6 0.6263505E+02
   5 0.6302027E+02
   1 0.6305941E+02
   4 0.6285093E+02
   5 0.6335261E+02
   1 0.6228849E+02
   4 0.6329525E+02
   5 0.6342850E+02
   2 0.6307874E+02
   3 0.6302229E+02
   7 0.6265157E+02
   2 0.6345055E+02
   3 0.6267145E+02
   6 0.6246620E+02
   2 0.6337142E+02
   6 0.6334206E+02
   1 0.6323459E+02
   4 0.6317207E+02
   5 0.6288190E+02
   1 0.6273988E+02
   5 0.6281614E+02
   7 0.6281255E+02
   3 0.6286573E+02
   2 0.6329846E+02
   6 0.6276899E+02
   6 0.6205963E+02
   4 0.6321046E+02
   1 0.6235225E+02
   5 0.6294393E+02
   7 0.6303241E+02
   7 0.6315997E+02
   3 0.6292919E+02
   2 0.6304486E+02
   7 0.6237911E+02
   7 0.6323714E+02
   4 0.6255176E+02
   6 0.6240942E+02
   1 0.6337064E+02
   4 0.6273858E+02
   5 0.6244554E+02
   1 0.6301438E+02
   3 0.6283009E+02
   3 0.6264992E+02
   2 0.6381883E+02
   7 0.6323640E+02
   4 0.6273119E+02
   7 0.6258318E+02
   6 0.6219729E+02
   5 0.6304716E+02
   1 0.6279694E+02
   4 0.6237081E+02
   7 0.6291298E+02
   3 0.6235388E+02
   2 0.6276694E+02
   2 0.6185499E+02
   2 0.6317998E+02
   6 0.6260255E+02
   5 0.6285333E+02
   1 0.6265466E+02
   2 0.6188553E+02
   4 0.6259934E+02
   7 0.6260403E+02
   2 0.6295334E+02
   7 0.6337554E+02
   7 0.2775136E+02
   3 0.6316076E+02
   3 0.6334248E+02
   2 0.6309641E+02
   2 0.6238452E+02
   6 0.6310082E+02
   2 0.6330971E+02
   1 0.6287520E+02
   5 0.6329508E+02
   4 0.6294385E+02
   6 0.6286697E+02
   2 0.6295063E+02
   6 0.6315755E+02
   7 0.6263462E+02
   2 0.6242155E+02
   3 0.6294591E+02
   7 0.6299892E+02
   2 0.6343534E+02
   3 0.6345557E+02
   7 0.6325655E+02
   2 0.6289479E+02
   3 0.6346219E+02
   1 0.6296595E+02
   4 0.6350294E+02
   3 0.6212047E+02
   5 0.6336034E+02
   1 0.6374261E+02
   6 0.6326980E+02
   5 0.6302615E+02
   7 0.6340221E+02
   2 0.6261966E+02
   2 0.6336154E+02
   4 0.6381781E+02
   3 0.6310528E+02
   2 0.6327674E+02
   1 0.6259861E+02
   2 0.3697599E+02
   4 0.6314365E+02
   6 0.6268449E+02
   5 0.6248216E+02
   6 0.1208953E+02
   2 0.6393860E+02
   4 0.6304275E+02
   6 0.6209283E+02
   5 0.6288511E+02
   2 0.6248478E+02
   6 0.6282384E+02
   7 0.6256662E+02
   6 0.6232530E+02
   2 0.6281639E+02
   3 0.6314423E+02
   1 0.6268997E+02
   3 0.6281927E+02
   1 0.6319065E+02
   4 0.6248377E+02
   1 0.6239730E+02
   5 0.6311770E+02
   5 0.6292790E+02
   7 0.6321989E+02
   6 0.6276920E+02
   2 0.6252410E+02
   7 0.6241243E+02
   2 0.6380080E+02
   3 0.6296031E+02
   4 0.6276595E+02
   1 0.6258453E+02
   1 0.6285425E+02
   5 0.6323693E+02
   1 0.6345039E+02
   6 0.6300876E+02
   5 0.6204152E+02
   7 0.6284343E+02
   5 0.6339561E+02
   2 0.6280287E+02
   2 0.6327480E+02
   3 0.6294946E+02
   4 0.6297071E+02
   3 0.6337923E+02
   2 0.6336903E+02
   3 0.6339777E+02
   1 0.6289283E+02
   6 0.6343857E+02
   7 0.6282620E+02
   1 0.6331932E+02
   7 0.6328306E+02
   5 0.6269558E+02
   1 0.6286884E+02
   4 0.6247502E+02
   2 0.6342437E+02
   3 0.6292700E+02
   2 0.6331168E+02
   3 0.6316772E+02
   6 0.6251875E+02
   5 0.6365066E+02
   7 0.6326762E+02
   1 0.6288548E+02
   4 0.6303611E+02
