   2 0.4388667E+02
   1 0.4373585E+02
   3 0.4464028E+02
   1 0.4549773E+02
   2 0.4444426E+02
   3 0.4430867E+02
   1 0.4458562E+02
   2 0.4495896E+02
   3 0.4418630E+02
   1 0.4416872E+02
   2 0.4430346E+02
   3 0.4407723E+02
   1 0.4450292E+02
   2 0.4509303E+02
   1 0.4421832E+02
   3 0.4407405E+02
   2 0.4461070E+02
   1 0.4461640E+02
   3 0.4505169E+02
   3 0.4513240E+02
   2 0.4408068E+02
   1 0.4438998E+02
   3 0.4450525E+02
   2 0.4432165E+02
   1 0.4412935E+02
   3 0.4398398E+02
   2 0.4368601E+02
   3 0.4464699E+02
   1 0.4419211E+02
   1 0.3823547E+02
   2 0.4484885E+02
   3 0.4402965E+02
   1 0.4388544E+02
   2 0.4387406E+02
   3 0.4433089E+02
   1 0.4371459E+02
   1 0.4395502E+02
   2 0.4431273E+02
   3 0.4403091E+02
   3 0.4416600E+02
   1 0.4404036E+02
   2 0.4447175E+02
   3 0.4463052E+02
   1 0.4413237E+02
   2 0.4418198E+02
   2 0.4433919E+02
   3 0.4410172E+02
   3 0.3107398E+02
   1 0.4445030E+02
   2 0.4462727E+02
   3 0.4368044E+02
   1 0.4446860E+02
   2 0.4436247E+02
   3 0.4407095E+02
   3 0.4412895E+02
   1 0.4358860E+02
   2 0.4412653E+02
   3 0.4404059E+02
   1 0.4458109E+02
   2 0.4439987E+02
   2 0.4480259E+02
   2 0.4517370E+02
   3 0.4464364E+02
   1 0.4425928E+02
   1 0.4518295E+02
   2 0.4477394E+02
   3 0.4442332E+02
   1 0.4417126E+02
   1 0.4552948E+02
   2 0.4490708E+02
   3 0.4365225E+02
   1 0.4420859E+02
   2 0.4466634E+02
   3 0.4483144E+02
   1 0.4343672E+02
   2 0.4417399E+02
   3 0.4487655E+02
   1 0.4511490E+02
   1 0.4430298E+02
   3 0.4405501E+02
   2 0.4419610E+02
   1 0.4424215E+02
   3 0.4376291E+02
   2 0.4419207E+02
   1 0.4431639E+02
   3 0.4406486E+02
   2 0.4415204E+02
   1 0.4447601E+02
   3 0.4502064E+02
   2 0.4410091E+02
   1 0.4422834E+02
   3 0.4446184E+02
   2 0.4380704E+02
   3 0.4476337E+02
   2 0.4390834E+02
   3 0.4449507E+02
   1 0.4452227E+02
   2 0.4413311E+02
   3 0.4409828E+02
   1 0.4392773E+02
   1 0.4456408E+02
   2 0.4418370E+02
   3 0.4423398E+02
   1 0.4424976E+02
   1 0.4378844E+02
   2 0.4393859E+02
   3 0.4431868E+02
   3 0.4403038E+02
   1 0.4405334E+02
   2 0.4347118E+02
   3 0.4416076E+02
   1 0.4472742E+02
   2 0.4405960E+02
   3 0.4439549E+02
   3 0.4409635E+02
   3 0.4495435E+02
   1 0.4422691E+02
   3 0.4517992E+02
   2 0.4402807E+02
   2 0.4378251E+02
   2 0.4366227E+02
   1 0.4476625E+02
   3 0.4402308E+02
   2 0.4542921E+02
   2 0.4459368E+02
   3 0.4386209E+02
   1 0.4442095E+02
   1 0.4478188E+02
   2 0.4399644E+02
   3 0.4478425E+02
   3 0.4445751E+02
   1 0.4423885E+02
   3 0.4497264E+02
   2 0.4456682E+02
   2 0.4545472E+02
   1 0.4418124E+02
   3 0.4464592E+02
   2 0.4474433E+02
   1 0.4439873E+02
   3 0.4393597E+02
   2 0.4474716E+02
   1 0.4462401E+02
   3 0.4430191E+02
   2 0.4603070E+02
   1 0.4488718E+02
   3 0.4461391E+02
   2 0.4362038E+02
   1 0.4395069E+02
   2 0.4396432E+02
   3 0.4427106E+02
   2 0.1719987E+02
   1 0.4426472E+02
   3 0.4415544E+02
   2 0.4445002E+02
   3 0.4428558E+02
   3 0.4399533E+02
   1 0.4401351E+02
   2 0.4474546E+02
   3 0.4348078E+02
   3 0.4449786E+02
   1 0.4415829E+02
   3 0.4450638E+02
   2 0.4463205E+02
   2 0.4475274E+02
   1 0.4539595E+02
   3 0.4495442E+02
   2 0.4370657E+02
   2 0.4431218E+02
   2 0.4371144E+02
   1 0.4455778E+02
   3 0.4442040E+02
   2 0.4394259E+02
   1 0.4409368E+02
   3 0.4431716E+02
   2 0.4548831E+02
   3 0.4313834E+02
   1 0.4465099E+02
   2 0.4356615E+02
   2 0.3149314E+02
   3 0.4440553E+02
   1 0.4378829E+02
   2 0.4403154E+02
   3 0.4467265E+02
   1 0.4424934E+02
   1 0.4254366E+02
   2 0.4453026E+02
   3 0.4434963E+02
   1 0.4498404E+02
   2 0.4413438E+02
   3 0.4458436E+02
   1 0.4384549E+02
   1 0.4439084E+02
   2 0.4440104E+02
   3 0.4446565E+02
   3 0.4472261E+02
   1 0.4412104E+02
   2 0.4454427E+02
   2 0.4424732E+02
   3 0.4398190E+02
   1 0.4396390E+02
   2 0.4503156E+02
   3 0.4472414E+02
   1 0.4412000E+02
   2 0.4435121E+02
   3 0.4479744E+02
   1 0.4393114E+02
   2 0.4491983E+02
   3 0.4389043E+02
   1 0.4364903E+02
   2 0.4359687E+02
   3 0.4420644E+02
   1 0.4495905E+02
   2 0.4384591E+02
   3 0.4504834E+02
   1 0.4459275E+02
   2 0.4419979E+02
   3 0.4403140E+02
   1 0.4457364E+02
   2 0.4430409E+02
   3 0.4424949E+02
   1 0.4426138E+02
   3 0.4468574E+02
   1 0.4353010E+02
   3 0.4481375E+02
   3 0.4407571E+02
   2 0.4495305E+02
   1 0.4352269E+02
   3 0.4415306E+02
   2 0.4457861E+02
   1 0.4446366E+02
   3 0.4410214E+02
   2 0.4508227E+02
   1 0.4439003E+02
   3 0.4414555E+02
   3 0.4281261E+02
   2 0.4435435E+02
   1 0.4369266E+02
   1 0.4382260E+02
   1 0.4434199E+02
   3 0.4441946E+02
   2 0.4355598E+02
   3 0.4433365E+02
   1 0.4426760E+02
   2 0.4421786E+02
   3 0.4464719E+02
   2 0.2810679E+02
   1 0.4451439E+02
   3 0.4515473E+02
   2 0.4451845E+02
   1 0.4470090E+02
   3 0.4379385E+02
   1 0.4451265E+02
   2 0.4430851E+02
   3 0.4402763E+02
   1 0.4498565E+02
   2 0.4453794E+02
   1 0.4431905E+02
   1 0.4345171E+02
   3 0.4372176E+02
   2 0.4397544E+02
   2 0.4562872E+02
   1 0.4452317E+02
   3 0.4370184E+02
   2 0.4409681E+02
   1 0.4404049E+02
   3 0.4409340E+02
   3 0.3507194E+02
   2 0.4444452E+02
   3 0.4189281E+02
   1 0.4457725E+02
   2 0.4423924E+02
   3 0.4391323E+02
   1 0.4406571E+02
   2 0.4379885E+02
   3 0.4413465E+02
   1 0.4427600E+02
   1 0.4420766E+02
   2 0.4449071E+02
   3 0.4463934E+02
   1 0.4456624E+02
   2 0.4449508E+02
   3 0.4449849E+02
   2 0.4345777E+02
   3 0.4378174E+02
   1 0.4505042E+02
   2 0.4408838E+02
   3 0.4430779E+02
   1 0.4440586E+02
   1 0.4482196E+02
   1 0.4527640E+02
   2 0.4386895E+02
   3 0.4436106E+02
   3 0.4422114E+02
   1 0.4384664E+02
   2 0.4390311E+02
   3 0.4464994E+02
   1 0.4449305E+02
   2 0.4453706E+02
   3 0.4371348E+02
   1 0.4388809E+02
   2 0.4406449E+02
   3 0.4470758E+02
   1 0.4457836E+02
   2 0.4459956E+02
   3 0.4461155E+02
   1 0.4446289E+02
   2 0.4452771E+02
   3 0.4397433E+02
   1 0.4443722E+02
   2 0.4415071E+02
   3 0.4454047E+02
   1 0.4483565E+02
   2 0.4379426E+02
   2 0.4507574E+02
   3 0.4511527E+02
   1 0.4434908E+02
   2 0.4452595E+02
   3 0.4333278E+02
   2 0.4475456E+02
   1 0.4437566E+02
   3 0.4538918E+02
   2 0.4437351E+02
   1 0.4360613E+02
   3 0.4416964E+02
   2 0.4476355E+02
   1 0.4465911E+02
   1 0.4432456E+02
   3 0.4414761E+02
   2 0.4397501E+02
   2 0.4549400E+02
   2 0.4447606E+02
   1 0.4554905E+02
   3 0.4495540E+02
   2 0.4468045E+02
   1 0.4487068E+02
   3 0.4409520E+02
   2 0.4489079E+02
   1 0.4427703E+02
   3 0.4397751E+02
   2 0.4380657E+02
   1 0.4377286E+02
   1 0.2146555E+02
   3 0.4465501E+02
   2 0.4383138E+02
   1 0.4362861E+02
   3 0.4442453E+02
   2 0.4389943E+02
   1 0.4499063E+02
   3 0.4439880E+02
   2 0.4390057E+02
   1 0.4448049E+02
   1 0.4421202E+02
   3 0.4397257E+02
   2 0.4393841E+02
   2 0.4446045E+02
   2 0.4413549E+02
   1 0.4467531E+02
   3 0.4391784E+02
   2 0.4386686E+02
   2 0.4474354E+02
   2 0.4472743E+02
   1 0.4364689E+02
   3 0.4387490E+02
   2 0.4469330E+02
   1 0.4562299E+02
   3 0.4422797E+02
   2 0.4423009E+02
   2 0.4385339E+02
   1 0.4456226E+02
   3 0.4393778E+02
   1 0.4419474E+02
   1 0.4456138E+02
   2 0.4407786E+02
   3 0.4416810E+02
   1 0.4463245E+02
   2 0.4420834E+02
   3 0.4434080E+02
   1 0.4413743E+02
   2 0.4420131E+02
   3 0.4448691E+02
   3 0.4464611E+02
   1 0.4428693E+02
   2 0.4321719E+02
   3 0.4417086E+02
   1 0.4455234E+02
   2 0.4378789E+02
   2 0.4414349E+02
   3 0.4421321E+02
   1 0.4372335E+02
   2 0.4347101E+02
   3 0.4422532E+02
   2 0.4459391E+02
   1 0.4395703E+02
   3 0.4419844E+02
   2 0.4396566E+02
   3 0.4472756E+02
   1 0.4390025E+02
   2 0.4449441E+02
   3 0.4391049E+02
   1 0.4456794E+02
   1 0.4393023E+02
   2 0.4380883E+02
   3 0.4475960E+02
   3 0.4479298E+02
   1 0.4416435E+02
   2 0.4394504E+02
   2 0.4453084E+02
   3 0.4442523E+02
   1 0.4313302E+02
   1 0.4381426E+02
   2 0.4411631E+02
   3 0.4374028E+02
   2 0.4517596E+02
   2 0.4503280E+02
   1 0.4492351E+02
   3 0.4400700E+02
   2 0.4404521E+02
   1 0.4425955E+02
   3 0.4398879E+02
   2 0.4485309E+02
   1 0.4488379E+02
   3 0.4483378E+02
   2 0.4384175E+02
   1 0.4388168E+02
   1 0.4403866E+02
   1 0.4509982E+02
   3 0.4495677E+02
   2 0.4443307E+02
   3 0.4468960E+02
   3 0.4337293E+02
   1 0.4398514E+02
   2 0.4427375E+02
   3 0.4477296E+02
   1 0.4385727E+02
   2 0.4506666E+02
   2 0.4419013E+02
   3 0.4495581E+02
   1 0.4480487E+02
   1 0.4439967E+02
   1 0.4485124E+02
   1 0.4476086E+02
   2 0.4410378E+02
   3 0.4445309E+02
   1 0.4405285E+02
   2 0.4436969E+02
   3 0.4451791E+02
   1 0.4451746E+02
   3 0.4410047E+02
   2 0.4428304E+02
   1 0.4466863E+02
   2 0.4413518E+02
   3 0.4425143E+02
   1 0.4431631E+02
   1 0.4546971E+02
   3 0.4453493E+02
   2 0.4447147E+02
   2 0.4540168E+02
   1 0.4430800E+02
   2 0.4493688E+02
   2 0.4576674E+02
   3 0.4416378E+02
   3 0.4456834E+02
   1 0.4404930E+02
   2 0.4408682E+02
   2 0.4409353E+02
   3 0.4439131E+02
   3 0.4478131E+02
   1 0.4534763E+02
   1 0.4520181E+02
   2 0.4411746E+02
   3 0.4451153E+02
   1 0.4418602E+02
   2 0.4403688E+02
   3 0.4380436E+02
   1 0.4497306E+02
   3 0.4400666E+02
   1 0.4481786E+02
   2 0.4455326E+02
   1 0.4469261E+02
   3 0.4380562E+02
   2 0.4418582E+02
   1 0.4405189E+02
   3 0.4422190E+02
   2 0.4443290E+02
   1 0.4428232E+02
   2 0.3749353E+02
   1 0.4521274E+02
   3 0.4463615E+02
   2 0.4357094E+02
   1 0.4385459E+02
   1 0.4351786E+02
   3 0.4441935E+02
   2 0.4386405E+02
   1 0.4424189E+02
   3 0.4430860E+02
   3 0.4453057E+02
   2 0.4377555E+02
   1 0.4395671E+02
   3 0.4451452E+02
   3 0.4463853E+02
   2 0.4369680E+02
   1 0.4481050E+02
   3 0.4400955E+02
   2 0.4386501E+02
   1 0.4476131E+02
   3 0.4383903E+02
   2 0.4463250E+02
   1 0.4448705E+02
   3 0.4505395E+02
   2 0.4418426E+02
   1 0.4490030E+02
   1 0.4505759E+02
   3 0.4356738E+02
   2 0.4387441E+02
   3 0.4435512E+02
   1 0.4491709E+02
   2 0.4463533E+02
   3 0.4483965E+02
   1 0.4445038E+02
   1 0.4378043E+02
   2 0.4389487E+02
   3 0.4374577E+02
   1 0.4469871E+02
   2 0.4439793E+02
   3 0.4488110E+02
   1 0.4476553E+02
   2 0.4360038E+02
   3 0.4382030E+02
   1 0.4383657E+02
   2 0.4502744E+02
   3 0.4481666E+02
   1 0.4406835E+02
   2 0.4402679E+02
   3 0.4375038E+02
   3 0.4367490E+02
   1 0.4430574E+02
   2 0.4415418E+02
   3 0.4400711E+02
   1 0.4432342E+02
   1 0.4470246E+02
   2 0.4434396E+02
   1 0.4190543E+02
   3 0.4486382E+02
   2 0.4460093E+02
   1 0.4413833E+02
   1 0.4403093E+02
   3 0.4459794E+02
   1 0.4545345E+02
   2 0.4480155E+02
   2 0.4377037E+02
   3 0.4442028E+02
   2 0.4425806E+02
   1 0.4396960E+02
   1 0.4464809E+02
   3 0.4303507E+02
   2 0.4442630E+02
   1 0.4404908E+02
   1 0.4449192E+02
   3 0.4470480E+02
   2 0.4472366E+02
   1 0.4421607E+02
   3 0.4422046E+02
   2 0.4449133E+02
   1 0.4439745E+02
   3 0.4392026E+02
   2 0.4507411E+02
   2 0.4490132E+02
   1 0.4388121E+02
   2 0.4347985E+02
   3 0.4428769E+02
   1 0.4471222E+02
   2 0.4388549E+02
   3 0.4446961E+02
   2 0.4405871E+02
   1 0.4456157E+02
   3 0.4462916E+02
   1 0.4412030E+02
   2 0.4462587E+02
   1 0.4536820E+02
   1 0.3516013E+02
   3 0.4496190E+02
   2 0.4378693E+02
   1 0.4395833E+02
   3 0.4373332E+02
   2 0.4450918E+02
   2 0.1900152E+02
   2 0.4377931E+02
   1 0.4444426E+02
   3 0.4450424E+02
   2 0.4308746E+02
   3 0.4478810E+02
   1 0.4449930E+02
   2 0.4414059E+02
   3 0.4478142E+02
   1 0.4441932E+02
   2 0.4387780E+02
   1 0.4375207E+02
   3 0.4418206E+02
   1 0.1848231E+02
   2 0.4400848E+02
   2 0.4524497E+02
   2 0.4491094E+02
   3 0.4456831E+02
   1 0.4358950E+02
   2 0.4464588E+02
   2 0.4345444E+02
   3 0.4427951E+02
   1 0.4371058E+02
   2 0.4429741E+02
   3 0.4440330E+02
   1 0.4513984E+02
   2 0.4409896E+02
   3 0.4519017E+02
   1 0.4419642E+02
   2 0.4492254E+02
   3 0.4427471E+02
   2 0.4479730E+02
   1 0.4485281E+02
   1 0.1426433E+02
   3 0.4470743E+02
   2 0.4447252E+02
   1 0.4486520E+02
   3 0.4424412E+02
   2 0.4380788E+02
   1 0.4424449E+02
   3 0.4502824E+02
   2 0.4399586E+02
   3 0.4493041E+02
   1 0.4434024E+02
   1 0.4429557E+02
   2 0.4440960E+02
   3 0.4510072E+02
   1 0.4427270E+02
   2 0.4441736E+02
   3 0.4378559E+02
   2 0.3042905E+02
   1 0.4431699E+02
   3 0.4433822E+02
   2 0.4421756E+02
   3 0.4494655E+02
   3 0.4476427E+02
   1 0.4493783E+02
   2 0.4416172E+02
   2 0.4514191E+02
   3 0.4376296E+02
   1 0.4446502E+02
   2 0.4484930E+02
   3 0.4458532E+02
   1 0.4491937E+02
   2 0.4471263E+02
   3 0.4447245E+02
   1 0.4378872E+02
   2 0.4439203E+02
   3 0.4489279E+02
   1 0.4368268E+02
   2 0.4382026E+02
   2 0.4566841E+02
   3 0.4416474E+02
   1 0.4366050E+02
   2 0.4441273E+02
   3 0.4410306E+02
   1 0.4388141E+02
   2 0.4414961E+02
   3 0.4437071E+02
   1 0.4540077E+02
   3 0.4388556E+02
   2 0.4427782E+02
   2 0.2948826E+02
   3 0.4540572E+02
   1 0.4396502E+02
   2 0.4426028E+02
   3 0.4388299E+02
   2 0.4452136E+02
   1 0.4401235E+02
   3 0.4446567E+02
   2 0.4451125E+02
   2 0.4457088E+02
   1 0.4312972E+02
   3 0.4449973E+02
   3 0.4558480E+02
   2 0.4422335E+02
   1 0.4482945E+02
   3 0.4408650E+02
   2 0.4455257E+02
   2 0.4460964E+02
   2 0.4081967E+02
   1 0.4354294E+02
   2 0.4409595E+02
   3 0.4348299E+02
   1 0.4432477E+02
   2 0.4329264E+02
   3 0.4467450E+02
   1 0.4457771E+02
   2 0.4429455E+02
   3 0.4452534E+02
   1 0.4449311E+02
   2 0.4466120E+02
   3 0.4402355E+02
   3 0.4449147E+02
   1 0.4474069E+02
   2 0.4376418E+02
   3 0.4363557E+02
   1 0.4412647E+02
   2 0.4465184E+02
   3 0.4435354E+02
   1 0.4386868E+02
   2 0.4452685E+02
   3 0.4422052E+02
   1 0.4421447E+02
   2 0.4436675E+02
   3 0.4416193E+02
   2 0.4486292E+02
   2 0.4521716E+02
   2 0.3934855E+02
   1 0.4434082E+02
   3 0.4411095E+02
   2 0.4407048E+02
   1 0.4446018E+02
   3 0.4502835E+02
   3 0.4494984E+02
   2 0.4481811E+02
   1 0.4393724E+02
   3 0.4372726E+02
   2 0.4467040E+02
   2 0.4370557E+02
   1 0.4448954E+02
   3 0.4387241E+02
   2 0.4482454E+02
   1 0.4447967E+02
   1 0.4507722E+02
   3 0.4466047E+02
   2 0.4492708E+02
   2 0.4505526E+02
   1 0.4422410E+02
   2 0.4401968E+02
   1 0.4484067E+02
   2 0.1956401E+02
   3 0.4436380E+02
   1 0.4469174E+02
   2 0.4381879E+02
   3 0.4525921E+02
   3 0.4299407E+02
   1 0.4443197E+02
   2 0.4442129E+02
   1 0.4532657E+02
   3 0.4438268E+02
   1 0.4440762E+02
   1 0.4425852E+02
   2 0.4339369E+02
   3 0.4495757E+02
   3 0.4485885E+02
   1 0.4382565E+02
   1 0.4464343E+02
   2 0.4408618E+02
   3 0.4376892E+02
   3 0.4423946E+02
   1 0.4479738E+02
   1 0.4420053E+02
   2 0.4433607E+02
   2 0.4477269E+02
   2 0.4336630E+02
   3 0.4454492E+02
   1 0.4484027E+02
   2 0.4441853E+02
   3 0.4470003E+02
   1 0.4405403E+02
   2 0.4434493E+02
   3 0.4423679E+02
   3 0.4431650E+02
   1 0.4506806E+02
   2 0.4336381E+02
   3 0.4431263E+02
   1 0.4415727E+02
   2 0.4495381E+02
   2 0.4427819E+02
   3 0.4432252E+02
   1 0.4402237E+02
   2 0.4383848E+02
   3 0.4423024E+02
   1 0.4395395E+02
   2 0.4363304E+02
   3 0.4365848E+02
   1 0.4447567E+02
   3 0.4424568E+02
   2 0.4478031E+02
   1 0.4492335E+02
   3 0.4408883E+02
   2 0.4373326E+02
   1 0.4439133E+02
   3 0.4451125E+02
   2 0.4443724E+02
   1 0.4522688E+02
   3 0.4448552E+02
   2 0.4423831E+02
   1 0.4391745E+02
   3 0.4336575E+02
   2 0.4405412E+02
   1 0.4372466E+02
   3 0.4420402E+02
   2 0.4404083E+02
   1 0.4444085E+02
   3 0.4423543E+02
   1 0.4495870E+02
   1 0.4362714E+02
   2 0.4396329E+02
   3 0.4430546E+02
   1 0.4438963E+02
   1 0.4408672E+02
   2 0.4447635E+02
   3 0.4436974E+02
   3 0.4509696E+02
   1 0.4462225E+02
   2 0.4459043E+02
   3 0.4445565E+02
   1 0.4485615E+02
   2 0.4476184E+02
   1 0.4386551E+02
   2 0.4499275E+02
   3 0.4496311E+02
   2 0.4383970E+02
   1 0.4425251E+02
   3 0.4465891E+02
   2 0.4476816E+02
   2 0.4460227E+02
   1 0.4386559E+02
   3 0.4397190E+02
   3 0.4595966E+02
   2 0.4472696E+02
   3 0.4469295E+02
   3 0.4451307E+02
   1 0.4429332E+02
   3 0.4495177E+02
   2 0.4465847E+02
   1 0.4424663E+02
   3 0.4382408E+02
   2 0.4431290E+02
   1 0.4475608E+02
   3 0.4388183E+02
   1 0.4507489E+02
   2 0.4493860E+02
   1 0.4465802E+02
   3 0.4377718E+02
   2 0.4406396E+02
   1 0.4441957E+02
   3 0.4504962E+02
   2 0.4387026E+02
   1 0.4496804E+02
   3 0.4440504E+02
   1 0.4465974E+02
   2 0.4503105E+02
   2 0.4488782E+02
   3 0.4348734E+02
   1 0.4378161E+02
   2 0.4411823E+02
   2 0.4469324E+02
   3 0.4372377E+02
   1 0.4453661E+02
   2 0.4386615E+02
   3 0.4451297E+02
   2 0.4448239E+02
   1 0.4428122E+02
   2 0.3549106E+02
   3 0.4446710E+02
   1 0.4414950E+02
   2 0.4355028E+02
   3 0.4371804E+02
   1 0.4490503E+02
   2 0.4434598E+02
   3 0.4480003E+02
   1 0.4414845E+02
   3 0.2552224E+02
   2 0.4398975E+02
   2 0.4423021E+02
   1 0.4412130E+02
   3 0.4374813E+02
   2 0.4338239E+02
   1 0.4465283E+02
   3 0.4414433E+02
   1 0.4436402E+02
   3 0.4501852E+02
   2 0.4363501E+02
   2 0.4358303E+02
   2 0.4381878E+02
   3 0.4476551E+02
   1 0.4416344E+02
   2 0.4471916E+02
   2 0.3665614E+02
   2 0.4495899E+02
   1 0.4434048E+02
   3 0.4374360E+02
   2 0.2821470E+02
   1 0.4418161E+02
   3 0.4410749E+02
   2 0.4469154E+02
   3 0.4340039E+02
   1 0.4383246E+02
   2 0.4449592E+02
   3 0.4459755E+02
   1 0.4444602E+02
   2 0.4422462E+02
   3 0.4406175E+02
   1 0.4425094E+02
   2 0.4458719E+02
   3 0.4423831E+02
   1 0.4472293E+02
   2 0.4466988E+02
   3 0.4366120E+02
   1 0.4417441E+02
   2 0.4458125E+02
   3 0.4439180E+02
   1 0.4411790E+02
   3 0.4463116E+02
   2 0.4515074E+02
   2 0.4476797E+02
   1 0.4379946E+02
   3 0.4441384E+02
   2 0.4416712E+02
   1 0.4433390E+02
   3 0.4484745E+02
   3 0.4496375E+02
   3 0.4349658E+02
   2 0.4486264E+02
   1 0.4454836E+02
   2 0.4486727E+02
   3 0.4338233E+02
   3 0.4478620E+02
   1 0.4350930E+02
   2 0.4465329E+02
   3 0.4419585E+02
   1 0.4426962E+02
   2 0.4401518E+02
   3 0.4484932E+02
   1 0.4392084E+02
   2 0.4450418E+02
   2 0.4459821E+02
   3 0.4399221E+02
   1 0.4410080E+02
   2 0.4430668E+02
   3 0.4498048E+02
   1 0.4460311E+02
   1 0.2064203E+02
   2 0.4487407E+02
   3 0.4381026E+02
   1 0.4525531E+02
   2 0.4448479E+02
   1 0.4451020E+02
   3 0.4510177E+02
   2 0.4360698E+02
   1 0.4446521E+02
   2 0.4455929E+02
   3 0.4405593E+02
   3 0.4424291E+02
   1 0.4427268E+02
   2 0.4430875E+02
   3 0.4482947E+02
   1 0.4463946E+02
   1 0.3733036E+02
   2 0.4464894E+02
   3 0.4400335E+02
   1 0.4470110E+02
   2 0.4417166E+02
   1 0.4410091E+02
   1 0.4463988E+02
   3 0.4574916E+02
   2 0.4426694E+02
   2 0.4464964E+02
   1 0.4420865E+02
   3 0.4418680E+02
   1 0.4409215E+02
   2 0.4426623E+02
   3 0.4453351E+02
   1 0.4396802E+02
   2 0.4373863E+02
   3 0.4431728E+02
   1 0.4442721E+02
   1 0.4424892E+02
   2 0.4415202E+02
   3 0.4384116E+02
   1 0.4431167E+02
   2 0.4455838E+02
   3 0.4488024E+02
   1 0.4434839E+02
   2 0.4461957E+02
   2 0.4498579E+02
   3 0.4499040E+02
   1 0.4433121E+02
   1 0.4488771E+02
   3 0.4463531E+02
   2 0.4444580E+02
   1 0.4452724E+02
   2 0.4387566E+02
   3 0.4485106E+02
   1 0.4446682E+02
   1 0.4427992E+02
   1 0.4499930E+02
   3 0.4442922E+02
   2 0.4376658E+02
   3 0.4444059E+02
   1 0.4427599E+02
   2 0.4394736E+02
