   3 0.4208968E+02
   1 0.6823474E+01
   3 0.1263292E+03
   4 0.1265027E+03
   3 0.1259730E+03
   6 0.1258503E+03
   5 0.1253705E+03
   7 0.1264557E+03
   4 0.1258098E+03
   1 0.1257089E+03
   6 0.1263125E+03
   7 0.1262765E+03
   2 0.1254125E+03
   4 0.1260567E+03
   5 0.1251435E+03
   5 0.4332578E+02
   1 0.1262687E+03
   4 0.1262164E+03
   7 0.1256531E+03
   6 0.1262333E+03
   4 0.7471725E+01
   2 0.1259958E+03
   4 0.1037344E+03
   7 0.1254544E+03
   5 0.1263265E+03
   4 0.1258494E+03
   7 0.1266899E+03
   6 0.1259648E+03
   7 0.5553207E+02
   5 0.1257356E+03
   3 0.1264102E+03
   3 0.1258197E+03
   3 0.1257756E+03
   6 0.1260246E+03
   7 0.1269106E+03
   3 0.1259389E+03
   3 0.4236570E+02
   7 0.1256846E+03
   3 0.1262023E+03
   3 0.2870331E+02
   1 0.1263989E+03
   7 0.1259370E+03
   6 0.1261765E+03
   7 0.1700497E+02
   4 0.1264727E+03
   7 0.1256732E+03
   6 0.1257279E+03
   4 0.1259730E+03
   4 0.1260197E+03
   4 0.1263169E+03
   7 0.1258488E+03
   6 0.1259683E+03
   3 0.1261925E+03
   2 0.1264661E+03
   7 0.1262394E+03
   3 0.1263595E+03
   4 0.1261189E+03
   3 0.8411356E+02
   1 0.1266395E+03
   3 0.1260130E+03
   4 0.1259573E+03
   1 0.1261112E+03
   4 0.1262722E+03
   5 0.1264317E+03
   7 0.1253780E+03
   1 0.1260658E+03
   3 0.1260664E+03
   5 0.1259596E+03
   1 0.1251546E+03
   1 0.1260428E+03
   5 0.1260315E+03
   5 0.1258551E+03
   3 0.1264076E+03
   3 0.1253782E+03
   4 0.1261571E+03
   4 0.1256629E+03
   5 0.1252940E+03
   6 0.1261288E+03
   5 0.1265446E+03
   5 0.1260801E+03
   1 0.1265514E+03
   2 0.1265058E+03
   6 0.1267234E+03
   2 0.1263317E+03
   6 0.1263969E+03
   1 0.1257996E+03
   1 0.1170919E+03
   3 0.1261211E+03
   7 0.1263462E+03
   1 0.1261893E+03
   7 0.1039785E+03
   3 0.1260316E+03
   5 0.1258524E+03
   2 0.1253668E+03
   3 0.1263152E+03
   1 0.1161341E+03
   7 0.1262176E+03
   1 0.1258804E+03
   6 0.1261712E+03
   2 0.1260127E+03
   5 0.1262427E+03
   3 0.1263415E+03
   1 0.1257812E+03
   6 0.1268561E+03
   3 0.1266308E+03
   7 0.1255662E+03
   2 0.1256739E+03
   1 0.1255283E+03
   5 0.1253172E+03
   3 0.1260588E+03
   4 0.1261211E+03
   4 0.9352169E+02
   3 0.1254915E+03
   4 0.6544443E+02
   1 0.1259604E+03
   6 0.1262097E+03
   4 0.1260895E+03
   5 0.1260413E+03
   3 0.1262956E+03
   4 0.1241897E+03
   4 0.1086887E+03
   5 0.1247730E+03
   4 0.1255430E+03
   3 0.1264504E+03
   3 0.1256420E+03
   1 0.1261605E+03
   1 0.1260237E+03
   1 0.1264608E+03
   1 0.1255621E+03
   1 0.9378863E+02
   1 0.9831501E+02
   4 0.1264864E+03
   1 0.1260327E+03
   7 0.1262280E+03
   2 0.1259414E+03
   7 0.1258360E+03
   3 0.1263941E+03
   6 0.1259244E+03
   1 0.1259398E+03
   3 0.1257449E+03
   6 0.1271522E+03
   2 0.1259976E+03
   7 0.1259871E+03
   1 0.1259319E+03
   3 0.1260241E+03
   3 0.1253892E+03
   1 0.1267213E+03
   6 0.1261609E+03
   5 0.1261515E+03
   2 0.1259575E+03
   7 0.8936399E+02
   6 0.5492587E+02
   3 0.1263075E+03
   3 0.1256710E+03
   6 0.1266539E+03
   5 0.1258938E+03
   3 0.1263319E+03
   2 0.1253453E+03
   4 0.1264800E+03
   7 0.1257691E+03
   3 0.1270214E+03
   6 0.1258521E+03
   4 0.1262741E+03
   4 0.1256669E+03
   6 0.1260493E+03
   5 0.1248191E+03
   2 0.1259142E+03
   6 0.8569103E+02
   4 0.1260212E+03
   2 0.4800246E+02
   4 0.1260146E+03
   4 0.8211253E+02
   6 0.1263235E+03
   2 0.1262706E+03
   5 0.1256563E+03
   4 0.1255007E+03
   1 0.1263003E+03
   6 0.1263023E+03
   4 0.1251427E+03
   4 0.1253144E+03
   3 0.1262128E+03
   2 0.1255144E+03
   4 0.1263295E+03
   5 0.1256813E+03
   3 0.1257789E+03
   2 0.1259819E+03
   3 0.1260571E+03
   6 0.1258692E+03
   3 0.1254479E+03
   6 0.1094655E+03
   3 0.1262070E+03
   5 0.1251803E+03
   2 0.1255816E+03
   3 0.1251759E+03
   2 0.3569219E+02
   6 0.1249483E+03
   2 0.1266292E+03
   5 0.1257165E+03
   7 0.1259464E+03
   1 0.1262665E+03
   7 0.1267915E+03
   1 0.1258612E+03
   6 0.1257237E+03
   1 0.1263940E+03
   2 0.1258387E+03
   4 0.1264405E+03
   7 0.1254291E+03
   5 0.1253153E+03
   2 0.1509610E+02
   4 0.1254247E+03
   1 0.1260248E+03
   7 0.1269828E+03
   2 0.1253810E+03
   4 0.1261702E+03
   3 0.1258969E+03
   5 0.1263351E+03
   6 0.1256679E+03
   1 0.1259533E+03
   2 0.1259274E+03
   7 0.1264102E+03
   6 0.6743263E+02
   5 0.9610200E+02
   3 0.1255938E+03
   3 0.1254949E+03
   3 0.1263186E+03
   2 0.1261759E+03
   5 0.1264340E+03
   3 0.1254603E+03
   7 0.1253201E+03
   3 0.1252277E+03
   2 0.1261495E+03
   7 0.1265072E+03
   3 0.1262057E+03
   5 0.1261038E+03
   3 0.1257061E+03
   3 0.1262786E+03
   5 0.1255057E+03
   3 0.1259289E+03
   2 0.1260535E+03
   7 0.1259848E+03
   4 0.1258017E+03
   3 0.1253416E+03
   4 0.1263475E+03
   1 0.1262258E+03
   3 0.1257092E+03
   1 0.1255656E+03
   3 0.1265902E+03
   4 0.1260186E+03
   2 0.1261202E+03
   7 0.1261086E+03
   3 0.1264973E+03
   3 0.1260177E+03
   4 0.1264025E+03
   3 0.1262920E+03
   4 0.1260130E+03
   2 0.1260331E+03
   3 0.1258713E+03
   3 0.1259272E+03
   6 0.1262248E+03
   3 0.1263873E+03
   2 0.1258791E+03
   3 0.1260374E+03
   3 0.1259516E+03
   3 0.1262472E+03
   6 0.1256578E+03
   2 0.1260247E+03
   1 0.1267205E+03
   6 0.1250031E+03
   2 0.1255349E+03
   1 0.1260825E+03
   2 0.9772861E+02
   1 0.1264841E+03
   4 0.1262153E+03
   5 0.1259485E+03
   6 0.1257556E+03
   5 0.1113015E+03
   3 0.1261586E+03
   6 0.1263969E+03
   5 0.1262537E+03
   3 0.1261999E+03
   7 0.1259743E+03
   6 0.1263338E+03
   3 0.1257269E+03
   7 0.1267351E+03
   5 0.1256646E+03
   6 0.1263553E+03
   1 0.1264362E+03
   6 0.1263482E+03
   7 0.1256246E+03
   4 0.1260195E+03
   4 0.5560687E+02
   7 0.2230997E+02
   3 0.1259198E+03
   4 0.1259643E+03
   6 0.1254039E+03
   3 0.1259607E+03
   3 0.1265539E+03
   2 0.1263735E+03
   3 0.1263626E+03
   6 0.1259702E+03
   3 0.1193092E+03
   2 0.1264330E+03
   3 0.1257108E+03
   3 0.1263191E+03
   3 0.7756367E+02
   1 0.1266194E+03
   3 0.1250409E+03
   1 0.1259040E+03
   2 0.1261644E+03
   2 0.1265343E+03
   5 0.1259255E+03
   4 0.1261546E+03
   2 0.1256133E+03
   5 0.1259712E+03
   2 0.1258232E+03
   3 0.1263828E+03
   7 0.1257917E+03
   3 0.1258264E+03
   3 0.1260953E+03
   3 0.1253653E+03
   2 0.1258630E+03
   7 0.1264216E+03
   1 0.1260332E+03
   2 0.9370834E+02
   1 0.1255065E+03
   6 0.1259361E+03
   2 0.1264613E+03
   4 0.1261725E+03
   6 0.1261224E+03
   1 0.1258844E+03
   4 0.1261297E+03
   2 0.1254524E+03
   4 0.1162038E+03
   6 0.1264584E+03
   4 0.1176245E+03
   4 0.1200267E+03
   3 0.1265251E+03
   4 0.1256125E+03
   3 0.8488167E+02
   4 0.1259310E+03
   3 0.1257415E+03
   6 0.1255878E+03
   6 0.1266410E+03
   5 0.1261944E+03
   1 0.1260938E+03
   6 0.1258134E+03
   5 0.1260703E+03
   6 0.1263315E+03
   6 0.6945610E+02
   7 0.1260120E+03
   5 0.1256621E+03
   3 0.1262074E+03
   5 0.1178073E+03
   3 0.1252704E+03
   7 0.1260173E+03
   4 0.1263359E+03
   7 0.1264390E+03
   3 0.1254224E+03
   4 0.1261378E+03
   3 0.1260809E+03
   4 0.1262173E+03
   3 0.1259084E+03
   7 0.1257333E+03
   2 0.1261511E+03
   3 0.1262441E+03
   4 0.1261659E+03
   3 0.1253105E+03
   1 0.1263439E+03
   3 0.1259691E+03
   2 0.1265709E+03
   2 0.1233562E+03
   4 0.1258959E+03
   3 0.1258341E+03
   1 0.1255914E+03
   7 0.1238864E+03
   3 0.8971332E+02
   4 0.1256465E+03
   2 0.1258332E+03
   1 0.1259139E+03
   3 0.1260279E+03
   2 0.1265043E+03
   1 0.1256397E+03
   3 0.1259227E+03
   1 0.1266318E+03
   2 0.1262116E+03
   3 0.1261119E+03
   1 0.1148340E+03
   2 0.1262115E+03
   3 0.1265071E+03
   1 0.1259592E+03
   3 0.1235411E+03
   1 0.5554447E+02
   6 0.1264124E+03
   3 0.1262942E+03
   2 0.1261603E+03
   2 0.1257563E+03
   5 0.1260996E+03
   4 0.1261389E+03
   4 0.1257952E+03
   2 0.1251828E+03
   5 0.1262199E+03
   4 0.1241552E+03
   4 0.1257210E+03
   2 0.1256635E+03
   3 0.1261014E+03
   4 0.1253950E+03
   3 0.1263771E+03
   3 0.1264314E+03
   2 0.1266828E+03
   1 0.1260426E+03
   3 0.1259387E+03
   1 0.1267633E+03
   7 0.1263147E+03
   3 0.1265222E+03
   1 0.1215316E+03
   2 0.1263587E+03
   3 0.1266000E+03
   7 0.1255871E+03
   1 0.1254680E+03
   3 0.1256018E+03
   7 0.1270764E+03
   3 0.1227682E+03
   3 0.1115828E+03
   1 0.1251917E+03
   7 0.1255720E+03
   6 0.1260668E+03
   4 0.1259581E+03
   6 0.1255607E+03
   4 0.1252646E+03
   4 0.1263059E+03
   6 0.1262713E+03
   3 0.1258348E+03
   3 0.1253616E+03
   4 0.1258389E+03
   6 0.1264028E+03
   3 0.1252236E+03
   1 0.1262585E+03
   4 0.1256654E+03
   3 0.1258164E+03
   1 0.1258715E+03
   5 0.1260784E+03
   4 0.6343381E+02
   3 0.1256259E+03
   4 0.1022884E+03
   1 0.1249795E+03
   3 0.1258206E+03
   4 0.1260126E+03
   3 0.1264118E+03
   6 0.1260684E+03
   4 0.1262437E+03
   3 0.1244776E+03
   6 0.1253287E+03
   3 0.1249932E+03
   4 0.1259524E+03
   6 0.1261129E+03
   2 0.1265366E+03
   3 0.1258224E+03
   3 0.1267027E+03
   6 0.1254852E+03
   7 0.1265268E+03
   4 0.1256589E+03
   6 0.1262330E+03
   2 0.1251298E+03
   4 0.1257659E+03
   4 0.1262706E+03
   7 0.1255033E+03
   4 0.1255724E+03
   1 0.1260732E+03
   1 0.1197979E+03
   4 0.1254296E+03
   1 0.1266502E+03
   3 0.1263045E+03
   4 0.1260490E+03
   4 0.6717060E+02
   1 0.1255911E+03
   3 0.1258525E+03
   4 0.1255112E+03
   3 0.1268725E+03
   1 0.1258354E+03
   4 0.1263907E+03
   3 0.1255653E+03
   3 0.3210551E+02
   1 0.1257261E+03
   4 0.1256986E+03
   4 0.6228400E+02
   5 0.1260796E+03
   3 0.1252781E+03
   3 0.5608983E+02
   1 0.1261956E+03
   3 0.1252019E+03
   4 0.1261793E+03
   1 0.1258115E+03
   4 0.1254586E+03
   5 0.1262894E+03
   3 0.1261369E+03
   4 0.1049584E+03
   3 0.1258554E+03
   4 0.1260223E+03
   5 0.1257953E+03
   4 0.1261398E+03
   5 0.1904139E+02
   4 0.1242194E+02
   4 0.1259165E+03
   5 0.1256518E+03
   6 0.1262297E+03
   2 0.1258525E+03
   4 0.1259136E+03
   7 0.1262669E+03
   2 0.7825345E+02
   7 0.1262630E+03
   6 0.1254144E+03
   1 0.1266358E+03
   6 0.8685431E+02
   3 0.1260636E+03
   7 0.1264510E+03
   3 0.1250602E+03
   1 0.1253244E+03
   6 0.1257585E+03
   1 0.1261136E+03
   4 0.1259698E+03
   6 0.1257774E+03
   6 0.1874498E+02
   4 0.1258300E+03
   3 0.1262850E+03
   4 0.1258702E+03
   6 0.1253200E+03
   3 0.1252728E+03
   4 0.1261686E+03
   3 0.1250481E+03
   3 0.1265358E+03
   3 0.5514367E+02
   3 0.1124292E+03
   6 0.1260848E+03
   5 0.1260697E+03
   3 0.1258535E+03
   1 0.1260269E+03
   5 0.1213833E+03
   3 0.1263505E+03
   2 0.1266197E+03
   1 0.1256850E+03
   5 0.1258176E+03
   1 0.1249317E+03
   2 0.1257842E+03
   7 0.1258856E+03
   4 0.1260025E+03
   7 0.1256078E+03
   3 0.1262236E+03
   4 0.1264596E+03
   4 0.1263892E+03
   3 0.1260684E+03
   7 0.1257827E+03
   4 0.1253038E+03
   1 0.1262694E+03
   4 0.1262111E+03
   7 0.1260903E+03
   1 0.1270773E+03
   4 0.1262259E+03
   4 0.1259839E+03
   7 0.1265916E+03
   1 0.1256560E+03
   4 0.1263823E+03
   6 0.1262419E+03
   1 0.1255598E+03
   4 0.6001720E+02
   6 0.3939905E+02
   1 0.1188181E+03
   3 0.1261880E+03
   3 0.1262253E+03
   6 0.1260145E+03
   3 0.1260544E+03
   5 0.1258433E+03
   3 0.1177051E+03
   5 0.1263235E+03
   2 0.1263013E+03
   3 0.1260374E+03
   6 0.1258503E+03
   5 0.1257496E+03
   3 0.1262684E+03
   2 0.1264247E+03
   3 0.1261470E+03
   3 0.1259225E+03
   3 0.1260028E+03
   5 0.1257665E+03
   4 0.1262036E+03
   4 0.3632353E+02
   1 0.1262043E+03
   3 0.1258080E+03
   4 0.1268485E+03
   5 0.1263536E+03
   3 0.1261684E+03
   1 0.1260127E+03
   4 0.1260737E+03
   3 0.1260629E+03
   1 0.1258575E+03
   5 0.1254625E+03
   7 0.1262401E+03
   5 0.1255238E+03
   7 0.1266366E+03
   5 0.1260212E+03
   5 0.1267275E+03
   7 0.1254074E+03
   3 0.1261699E+03
   5 0.1261075E+03
   4 0.1260487E+03
   6 0.1263741E+03
   1 0.1258993E+03
   5 0.1259943E+03
   1 0.1259591E+03
   2 0.1262033E+03
   5 0.1267227E+03
   1 0.1261073E+03
   1 0.1256006E+03
   3 0.1264147E+03
   2 0.1259784E+03
   3 0.1252645E+03
   3 0.1264282E+03
   1 0.1262254E+03
   3 0.1260359E+03
   1 0.1255344E+03
   3 0.1266060E+03
   4 0.1257291E+03
   3 0.1264072E+03
   3 0.5689252E+02
   4 0.1262074E+03
   4 0.1260120E+03
   4 0.1264435E+03
   4 0.1261245E+03
   7 0.1263892E+03
   4 0.1260516E+03
   4 0.1261234E+03
   6 0.1259181E+03
   7 0.1261441E+03
   1 0.1261087E+03
   3 0.1259715E+03
   4 0.1257510E+03
   1 0.1260068E+03
   3 0.1258351E+03
   4 0.1264498E+03
   1 0.1260735E+03
   4 0.1264388E+03
   3 0.1259186E+03
   7 0.1268975E+03
   4 0.1180517E+03
   1 0.1262205E+03
   3 0.1258727E+03
   1 0.1261861E+03
   3 0.1266175E+03
   4 0.1254824E+03
   5 0.1260973E+03
   3 0.1263222E+03
   4 0.1262712E+03
   3 0.1145621E+03
   7 0.1261676E+03
   1 0.1255391E+03
   2 0.1261236E+03
   4 0.1256937E+03
   3 0.1261512E+03
   1 0.1260995E+03
   7 0.1260801E+03
   5 0.1255799E+03
   1 0.1253147E+03
   7 0.1252244E+03
   4 0.1261451E+03
   1 0.1267099E+03
   5 0.1251140E+03
   2 0.1256157E+03
   4 0.1267692E+03
   7 0.1268060E+03
   1 0.1254329E+03
   4 0.1261568E+03
   1 0.1263693E+03
   1 0.1263729E+03
   5 0.1259913E+03
   7 0.1261745E+03
   2 0.1256533E+03
   4 0.1255749E+03
   2 0.4738806E+02
   4 0.1260944E+03
   3 0.1262957E+03
   4 0.7760636E+02
   3 0.1263677E+03
   5 0.1256325E+03
   4 0.1260851E+03
   6 0.1261088E+03
   7 0.1260130E+03
   3 0.1260030E+03
   6 0.1259836E+03
   7 0.1263773E+03
   2 0.1256810E+03
   5 0.5357418E+02
   2 0.1262957E+03
   6 0.1256824E+03
   5 0.1261742E+03
   7 0.1259046E+03
   5 0.1258421E+03
   1 0.1263533E+03
   6 0.1258284E+03
   1 0.1258212E+03
   3 0.1261083E+03
   5 0.1260067E+03
   3 0.1255429E+03
   4 0.1259217E+03
   3 0.1258780E+03
   4 0.1268009E+03
   5 0.1261025E+03
   3 0.1255094E+03
   3 0.1271261E+03
   4 0.1253858E+03
   5 0.1253242E+03
   5 0.1267064E+03
   5 0.1263535E+03
   1 0.1262148E+03
   1 0.1256621E+03
   5 0.1261450E+03
   3 0.1260506E+03
   1 0.1258716E+03
   1 0.1264950E+03
   3 0.1264051E+03
   2 0.1261051E+03
   1 0.5036805E+02
   4 0.1261494E+03
   3 0.1265031E+03
   7 0.1263580E+03
   5 0.1257059E+03
   4 0.1047453E+03
   3 0.2840597E+02
   4 0.3545451E+02
   7 0.1268481E+03
   2 0.1259438E+03
   2 0.1157250E+03
   7 0.1264648E+03
   5 0.1263035E+03
   6 0.1257390E+03
   3 0.1258733E+03
   3 0.1263188E+03
   6 0.1266610E+03
   2 0.1257826E+03
   3 0.1259854E+03
   2 0.1265868E+03
   5 0.1259662E+03
   3 0.1255654E+03
   6 0.1257014E+03
   2 0.1259990E+03
   3 0.1256391E+03
   3 0.1252988E+03
   6 0.1266441E+03
   1 0.1260639E+03
   3 0.1256413E+03
   1 0.1256372E+03
   6 0.1257426E+03
   4 0.1263326E+03
   3 0.1251378E+03
   2 0.1259511E+03
   3 0.1252798E+03
   2 0.8492203E+02
   4 0.1263515E+03
   2 0.9013466E+02
   6 0.1266734E+03
   3 0.1255459E+03
   4 0.1263427E+03
   3 0.7965061E+02
   6 0.1262741E+03
   2 0.1261148E+03
   3 0.1255853E+03
   3 0.1265926E+03
   2 0.1268389E+03
   3 0.1258995E+03
   3 0.1254972E+03
   2 0.1262960E+03
   6 0.1261459E+03
   7 0.1258517E+03
   6 0.1257967E+03
   3 0.1259653E+03
   1 0.1264484E+03
   3 0.1258491E+03
   1 0.1265660E+03
   6 0.1257239E+03
   3 0.1256590E+03
   2 0.1259127E+03
   1 0.1254993E+03
   3 0.1264155E+03
   7 0.1256878E+03
   1 0.8072788E+02
   3 0.1260261E+03
   5 0.1261139E+03
   2 0.1261131E+03
   6 0.1255314E+03
   3 0.1261189E+03
   4 0.1259315E+03
   1 0.1256420E+03
   4 0.1262985E+03
   5 0.1262240E+03
   3 0.1254197E+03
   4 0.1266266E+03
   3 0.1266202E+03
   4 0.1261509E+03
   2 0.1267642E+03
   2 0.2779128E+02
   3 0.1253596E+03
   4 0.1261159E+03
   3 0.1261942E+03
   6 0.1256275E+03
   6 0.5033495E+02
   5 0.1261526E+03
   3 0.1267081E+03
   3 0.1269303E+03
   2 0.1263663E+03
   5 0.1268487E+03
   4 0.1264157E+03
   5 0.1263927E+03
   6 0.1255351E+03
   4 0.1241912E+03
   2 0.1251656E+03
   5 0.1253460E+03
   2 0.1263755E+03
   5 0.4145739E+02
   4 0.1263475E+03
   1 0.1257552E+03
   2 0.9241920E+02
   6 0.1263291E+03
   1 0.1259739E+03
   4 0.1257198E+03
   5 0.1260268E+03
   4 0.1266602E+03
   3 0.1257937E+03
   3 0.1258622E+03
   4 0.1262556E+03
   3 0.1263967E+03
   6 0.1256487E+03
   3 0.1258972E+03
   7 0.1261868E+03
   3 0.1265312E+03
   4 0.1261013E+03
   3 0.1261494E+03
   6 0.1259006E+03
   3 0.1259911E+03
   5 0.1260243E+03
   4 0.1257115E+03
   5 0.8328902E+02
   7 0.1262170E+03
   7 0.1256374E+03
   1 0.1259496E+03
   7 0.1260665E+03
   1 0.1255931E+03
   1 0.1257669E+03
   3 0.1261966E+03
   3 0.1261826E+03
   3 0.8001111E+02
   1 0.1261604E+03
   4 0.1260511E+03
   1 0.1260909E+03
   3 0.1259678E+03
   4 0.1260721E+03
   4 0.1273064E+03
   7 0.1261672E+03
   1 0.1261609E+03
   3 0.1255861E+03
   2 0.1263504E+03
   7 0.1264961E+03
   4 0.1263649E+03
   3 0.1256652E+03
   3 0.1254587E+03
   4 0.1259340E+03
   2 0.1258372E+03
   3 0.1250018E+03
   3 0.1269718E+03
   7 0.1262495E+03
   4 0.1263705E+03
   3 0.1253888E+03
   2 0.1258075E+03
   6 0.1263332E+03
   7 0.1261351E+03
   3 0.1254907E+03
   5 0.1260607E+03
   6 0.1257583E+03
   2 0.1261657E+03
   7 0.1256628E+03
   6 0.1995325E+02
   2 0.1266733E+03
   1 0.1264387E+03
   7 0.1257990E+03
   2 0.1253686E+03
   1 0.1263520E+03
   6 0.1257159E+03
   7 0.1256890E+03
   1 0.1258130E+03
   2 0.1261240E+03
   4 0.1263922E+03
   3 0.1260515E+03
   6 0.1263944E+03
   7 0.1268689E+03
   1 0.1256642E+03
   4 0.1136766E+03
   2 0.1256595E+03
   3 0.1259281E+03
   1 0.1265638E+03
   3 0.9781523E+02
   3 0.1267015E+03
   1 0.1235081E+03
   4 0.1257629E+03
   6 0.1263853E+03
   1 0.8684103E+02
   7 0.1265518E+03
   2 0.1255934E+03
   3 0.1261812E+03
   1 0.1257942E+03
   4 0.1262236E+03
   1 0.1256354E+03
   3 0.1263819E+03
   4 0.1267344E+03
   2 0.1266485E+03
   7 0.1258541E+03
   1 0.1255778E+03
   3 0.1207985E+03
   6 0.1257288E+03
   2 0.1261168E+03
   4 0.1258664E+03
   1 0.1248932E+03
   4 0.1272084E+03
   7 0.1251379E+03
   4 0.1254980E+03
   7 0.1263081E+03
   2 0.1260857E+03
   5 0.1260798E+03
   2 0.1270226E+03
   7 0.1258866E+03
   7 0.1256038E+03
   5 0.1252988E+03
   3 0.1259450E+03
   3 0.1043066E+02
   5 0.1216652E+03
   3 0.1254601E+03
   5 0.1089027E+03
   7 0.1253807E+03
   3 0.1255411E+03
   7 0.1262477E+03
   5 0.1265729E+03
   3 0.1251705E+03
   1 0.1262179E+03
   3 0.1254294E+03
   3 0.1077552E+02
   1 0.1263336E+03
   4 0.1261016E+03
   7 0.1255851E+03
   5 0.1265686E+03
   3 0.1253646E+03
   4 0.1252335E+03
   1 0.1250240E+03
   4 0.1259706E+03
   3 0.1259787E+03
   1 0.1264596E+03
   1 0.1261426E+03
   7 0.1260490E+03
   6 0.1263741E+03
   3 0.1260614E+03
   4 0.1255925E+03
   3 0.2942907E+02
   1 0.1261794E+03
   4 0.1259362E+03
   4 0.4473375E+02
   1 0.1257821E+03
   3 0.1260030E+03
   3 0.1265170E+03
   7 0.1263281E+03
   1 0.1259969E+03
   4 0.1259601E+03
   3 0.1258258E+03
   7 0.1064180E+03
   4 0.1260988E+03
   4 0.5995959E+02
   1 0.1257607E+03
   4 0.1282345E+02
   7 0.1238976E+03
   1 0.1257070E+03
   2 0.1259484E+03
   4 0.1253576E+03
   1 0.1261705E+03
   4 0.1261353E+03
   7 0.1264672E+03
   4 0.1262062E+03
   1 0.1258565E+03
   4 0.1267572E+03
   2 0.1255228E+03
   4 0.8592218E+02
   1 0.1260982E+03
   7 0.1254021E+03
   1 0.1260079E+03
   4 0.1264553E+03
   1 0.1070353E+03
   7 0.1013399E+03
   3 0.1261907E+03
   1 0.1252097E+03
   4 0.1261207E+03
   7 0.1260527E+03
   4 0.1252977E+03
   1 0.1257798E+03
   5 0.1262591E+03
   6 0.1261389E+03
   3 0.1264964E+03
   2 0.1264969E+03
