  1.000000000000000E-004  1.350677279910160E-004
  2.000000000000000E-004  2.701247727957620E-004
  3.000000000000000E-004  4.052911669538230E-004
  4.000000000000000E-004  5.405952918366077E-004
  5.000000000000000E-004  6.759567435030927E-004
  6.000000000000001E-004  8.113361112384023E-004
  7.000000000000001E-004  9.466411134327792E-004
  8.000000000000001E-004  1.081982882107337E-003
  9.000000000000002E-004  1.217275042351839E-003
  1.000000000000000E-003  1.352606684907132E-003
  1.100000000000000E-003  1.487893533312192E-003
  1.200000000000000E-003  1.622969778189376E-003
  1.300000000000000E-003  1.757836020163054E-003
  1.400000000000000E-003  1.892609777219283E-003
  1.500000000000000E-003  2.027449583455962E-003
  1.600000000000001E-003  2.162277185444184E-003
  1.700000000000001E-003  2.297376482463255E-003
  1.800000000000001E-003  2.432307384407144E-003
  1.900000000000001E-003  2.567254079679763E-003
  2.000000000000000E-003  2.702392063798191E-003
  2.100000000000000E-003  2.837520494852508E-003
  2.200000000000000E-003  2.972698808915210E-003
  2.300000000000000E-003  3.108073236204460E-003
  2.400000000000000E-003  3.243264547454705E-003
  2.500000000000000E-003  3.378456614239802E-003
  2.599999999999999E-003  3.513597058472441E-003
  2.699999999999999E-003  3.648560878692212E-003
  2.799999999999999E-003  3.783454195031487E-003
  2.899999999999999E-003  3.918228438002250E-003
  2.999999999999999E-003  4.053236668379977E-003
  3.099999999999999E-003  4.188163027687137E-003
  3.199999999999998E-003  4.323084197905541E-003
  3.299999999999998E-003  4.457984077410408E-003
  3.399999999999998E-003  4.592644072128635E-003
  3.499999999999998E-003  4.727278001268868E-003
  3.599999999999998E-003  4.861807224857470E-003
  3.699999999999998E-003  4.996477740701640E-003
  3.799999999999997E-003  5.131180923899094E-003
  3.899999999999997E-003  5.265935649639248E-003
  3.999999999999997E-003  5.400731345101286E-003
  4.099999999999998E-003  5.535471720908854E-003
  4.199999999999998E-003  5.670449865305756E-003
  4.299999999999998E-003  5.805360063403839E-003
  4.399999999999999E-003  5.939966321208860E-003
  4.499999999999999E-003  6.074501896974003E-003
  4.599999999999999E-003  6.208844682983979E-003
  4.699999999999999E-003  6.343264077940960E-003
  4.800000000000000E-003  6.477849944644684E-003
  4.900000000000000E-003  6.612353246428471E-003
  5.000000000000000E-003  6.746941681076760E-003
  5.100000000000000E-003  6.881530209865937E-003
  5.200000000000001E-003  7.016410000829136E-003
  5.300000000000001E-003  7.151322064264405E-003
  5.400000000000001E-003  7.286181100831682E-003
  5.500000000000001E-003  7.421061938757306E-003
  5.600000000000002E-003  7.555817096358535E-003
  5.700000000000002E-003  7.690518047405587E-003
  5.800000000000002E-003  7.825375712799685E-003
  5.900000000000002E-003  7.960116855642014E-003
  6.000000000000003E-003  8.094781839008544E-003
  6.100000000000003E-003  8.229224991518062E-003
  6.200000000000003E-003  8.363457580786160E-003
  6.300000000000004E-003  8.497621843940342E-003
  6.400000000000004E-003  8.632008412546421E-003
  6.500000000000004E-003  8.766215464822808E-003
  6.600000000000004E-003  8.900580374432169E-003
  6.700000000000005E-003  9.035250633019805E-003
  6.800000000000005E-003  9.169607809182285E-003
  6.900000000000005E-003  9.303914604428762E-003
  7.000000000000005E-003  9.438045970065706E-003
  7.100000000000006E-003  9.572249026507579E-003
  7.200000000000006E-003  9.704163409282866E-003
  7.300000000000006E-003  9.835091776226835E-003
  7.400000000000006E-003  9.966210071363441E-003
  7.500000000000007E-003  1.009722961076123E-002
  7.600000000000007E-003  1.022838300808910E-002
  7.700000000000007E-003  1.035952743321114E-002
  7.800000000000007E-003  1.049059212523196E-002
  7.900000000000008E-003  1.062168919033130E-002
  8.000000000000007E-003  1.075260370111119E-002
  8.100000000000007E-003  1.088322146073472E-002
  8.200000000000006E-003  1.101382825335083E-002
  8.300000000000005E-003  1.114454984915405E-002
  8.400000000000005E-003  1.127525106219228E-002
  8.500000000000004E-003  1.140594946374931E-002
  8.600000000000003E-003  1.153689600999852E-002
  8.700000000000003E-003  1.166789637813070E-002
  8.800000000000002E-003  1.179874781909820E-002
  8.900000000000002E-003  1.192958458752570E-002
  9.000000000000001E-003  1.206054781059425E-002
  9.100000000000000E-003  1.219202109287671E-002
  9.200000000000000E-003  1.232347963487459E-002
  9.299999999999999E-003  1.245488238313228E-002
  9.399999999999999E-003  1.258616849930522E-002
  9.499999999999998E-003  1.271741782974037E-002
  9.599999999999997E-003  1.284857861509113E-002
  9.699999999999997E-003  1.297972507466406E-002
  9.799999999999996E-003  1.311101656416562E-002
  9.899999999999996E-003  1.324240802234017E-002
  9.999999999999995E-003  1.337383809723261E-002
  1.009999999999999E-002  1.350523567062598E-002
  1.019999999999999E-002  1.363670395453405E-002
  1.029999999999999E-002  1.376807898223449E-002
  1.039999999999999E-002  1.389964877131200E-002
  1.049999999999999E-002  1.403123195873092E-002
  1.059999999999999E-002  1.416291279944304E-002
  1.069999999999999E-002  1.429450804584274E-002
  1.079999999999999E-002  1.442606308819796E-002
  1.089999999999999E-002  1.455761561427274E-002
  1.099999999999999E-002  1.468926183000180E-002
  1.109999999999999E-002  1.482082060095357E-002
  1.119999999999999E-002  1.495225315115910E-002
  1.129999999999999E-002  1.508358699631558E-002
  1.139999999999999E-002  1.521518946195136E-002
  1.149999999999999E-002  1.534695128409256E-002
  1.159999999999999E-002  1.547853451105127E-002
  1.169999999999998E-002  1.561027892774973E-002
  1.179999999999998E-002  1.574210364141464E-002
  1.189999999999998E-002  1.587415312625250E-002
  1.199999999999998E-002  1.600616706068321E-002
  1.209999999999998E-002  1.613841425303894E-002
  1.219999999999998E-002  1.627064599876876E-002
  1.229999999999998E-002  1.640282619118348E-002
  1.239999999999998E-002  1.653488703123250E-002
  1.249999999999998E-002  1.666706289425272E-002
  1.259999999999998E-002  1.679937235855936E-002
  1.269999999999998E-002  1.693167151117266E-002
  1.279999999999998E-002  1.706396305386347E-002
  1.289999999999998E-002  1.719649672540630E-002
  1.299999999999998E-002  1.732896008310249E-002
  1.309999999999998E-002  1.746135312417477E-002
  1.319999999999998E-002  1.759376938239894E-002
  1.329999999999998E-002  1.772603837847268E-002
  1.339999999999997E-002  1.785843039709890E-002
  1.349999999999997E-002  1.799065608673119E-002
  1.359999999999997E-002  1.812283193431306E-002
  1.369999999999997E-002  1.825484600850745E-002
  1.379999999999997E-002  1.838663921104125E-002
  1.389999999999997E-002  1.851845194667827E-002
  1.399999999999997E-002  1.865020064185653E-002
  1.409999999999997E-002  1.878187191846549E-002
  1.419999999999997E-002  1.891367521501985E-002
  1.429999999999997E-002  1.904562653798194E-002
  1.439999999999997E-002  1.917776525913827E-002
  1.449999999999997E-002  1.930979680781887E-002
  1.459999999999997E-002  1.944159623399264E-002
  1.469999999999997E-002  1.957358544807153E-002
  1.479999999999997E-002  1.970556314389295E-002
  1.489999999999997E-002  1.983750813260652E-002
  1.499999999999996E-002  1.996926003194010E-002
  1.509999999999996E-002  2.010080936489773E-002
  1.519999999999996E-002  2.023234070380151E-002
  1.529999999999996E-002  2.036386527579411E-002
  1.539999999999996E-002  2.049541845611763E-002
  1.549999999999996E-002  2.062697519387218E-002
  1.559999999999996E-002  2.075873654685909E-002
  1.569999999999996E-002  2.089051065120552E-002
  1.579999999999996E-002  2.102211023597492E-002
  1.589999999999996E-002  2.115367320693549E-002
  1.599999999999996E-002  2.128555853727629E-002
  1.609999999999996E-002  2.141736598515954E-002
  1.619999999999996E-002  2.154935171122329E-002
  1.629999999999996E-002  2.168121479243612E-002
  1.639999999999996E-002  2.181303420038639E-002
  1.649999999999996E-002  2.194373895633208E-002
  1.659999999999996E-002  2.207093140532831E-002
  1.669999999999995E-002  2.219808675638210E-002
  1.679999999999995E-002  2.232518133224388E-002
  1.689999999999995E-002  2.245214397422933E-002
  1.699999999999995E-002  2.257905267390124E-002
  1.709999999999995E-002  2.270604519824118E-002
  1.719999999999995E-002  2.283311592950800E-002
  1.729999999999995E-002  2.296042988234406E-002
  1.739999999999995E-002  2.308794512885153E-002
  1.749999999999995E-002  2.321528352876492E-002
  1.759999999999995E-002  2.334247599570393E-002
  1.769999999999995E-002  2.346974497395480E-002
  1.779999999999995E-002  2.359677804689691E-002
  1.789999999999995E-002  2.372378574612175E-002
  1.799999999999995E-002  2.385095476670430E-002
  1.809999999999995E-002  2.397803898621481E-002
  1.819999999999995E-002  2.410535490284737E-002
  1.829999999999994E-002  2.423285423547568E-002
  1.839999999999994E-002  2.436032579871890E-002
  1.849999999999994E-002  2.448776006869495E-002
  1.859999999999994E-002  2.461519651940148E-002
  1.869999999999994E-002  2.474283337971509E-002
  1.879999999999994E-002  2.487075116699475E-002
  1.889999999999994E-002  2.499868853061013E-002
  1.899999999999994E-002  2.512674836983274E-002
  1.909999999999994E-002  2.525498384248712E-002
  1.919999999999994E-002  2.538322368033369E-002
  1.929999999999994E-002  2.551138358471790E-002
  1.939999999999994E-002  2.563965677706152E-002
  1.949999999999994E-002  2.576805800564736E-002
  1.959999999999994E-002  2.589663382620486E-002
  1.969999999999994E-002  2.602506068710151E-002
  1.979999999999994E-002  2.615350851122521E-002
  1.989999999999994E-002  2.628208852930760E-002
  1.999999999999993E-002  2.641071886491346E-002
  2.009999999999993E-002  2.653939001525276E-002
  2.019999999999993E-002  2.666797645313229E-002
  2.029999999999993E-002  2.679655471006991E-002
  2.039999999999993E-002  2.692510132217152E-002
  2.049999999999993E-002  2.705375781223733E-002
  2.059999999999993E-002  2.718228073066430E-002
  2.069999999999993E-002  2.731092817811488E-002
  2.079999999999993E-002  2.743984144139717E-002
  2.089999999999993E-002  2.756850716972497E-002
  2.099999999999993E-002  2.769615107210869E-002
  2.109999999999993E-002  2.782393673516627E-002
  2.119999999999993E-002  2.795179142135312E-002
  2.129999999999993E-002  2.807970148749545E-002
  2.139999999999993E-002  2.820780214991954E-002
  2.149999999999993E-002  2.833606299914932E-002
  2.159999999999992E-002  2.846423903745786E-002
  2.169999999999992E-002  2.859242582457923E-002
  2.179999999999992E-002  2.872053248918760E-002
  2.189999999999992E-002  2.884883208701076E-002
  2.199999999999992E-002  2.897704484044352E-002
  2.209999999999992E-002  2.910520788611423E-002
  2.219999999999992E-002  2.923341634812963E-002
  2.229999999999992E-002  2.936180841495255E-002
  2.239999999999992E-002  2.949034917698515E-002
  2.249999999999992E-002  2.961867992766795E-002
  2.259999999999992E-002  2.974714620556987E-002
  2.269999999999992E-002  2.987548107512279E-002
  2.279999999999992E-002  3.000391796192613E-002
  2.289999999999992E-002  3.013242853013793E-002
  2.299999999999992E-002  3.026111030091807E-002
  2.309999999999992E-002  3.038965657559622E-002
  2.319999999999992E-002  3.051810232618325E-002
  2.329999999999991E-002  3.064675372158822E-002
  2.339999999999991E-002  3.077530832554915E-002
  2.349999999999991E-002  3.090418080786521E-002
  2.359999999999991E-002  3.103301401723451E-002
  2.369999999999991E-002  3.116195033143663E-002
  2.379999999999991E-002  3.129098903995697E-002
  2.389999999999991E-002  3.141998032824123E-002
  2.399999999999991E-002  3.154902001130983E-002
  2.409999999999991E-002  3.167814460989736E-002
  2.419999999999991E-002  3.180571536587076E-002
  2.429999999999991E-002  3.193103221597310E-002
  2.439999999999991E-002  3.205636549253020E-002
  2.449999999999991E-002  3.218192431434829E-002
  2.459999999999991E-002  3.230728064747876E-002
  2.469999999999991E-002  3.243276129540004E-002
  2.479999999999991E-002  3.255855532618075E-002
  2.489999999999990E-002  3.268435167633437E-002
  2.499999999999990E-002  3.281023413703907E-002
  2.509999999999990E-002  3.293628856316143E-002
  2.519999999999990E-002  3.306222729047974E-002
  2.529999999999990E-002  3.318807650407377E-002
  2.539999999999990E-002  3.331412197855170E-002
  2.549999999999990E-002  3.344038037442996E-002
  2.559999999999990E-002  3.356660652537580E-002
  2.569999999999990E-002  3.369288139395894E-002
  2.579999999999990E-002  3.381925323820716E-002
  2.589999999999990E-002  3.394582037460890E-002
  2.599999999999990E-002  3.407241710297323E-002
  2.609999999999990E-002  3.419915920382897E-002
  2.619999999999990E-002  3.432576492253187E-002
  2.629999999999990E-002  3.445273282672504E-002
  2.639999999999990E-002  3.457978236256256E-002
  2.649999999999990E-002  3.470686248495183E-002
  2.659999999999989E-002  3.483403691934811E-002
  2.669999999999989E-002  3.496129191540220E-002
  2.679999999999989E-002  3.508861688119180E-002
  2.689999999999989E-002  3.521612976265348E-002
  2.699999999999989E-002  3.534367875262492E-002
  2.709999999999989E-002  3.547106442338563E-002
  2.719999999999989E-002  3.559820428707336E-002
  2.729999999999989E-002  3.572542859950811E-002
  2.739999999999989E-002  3.585262340948701E-002
  2.749999999999989E-002  3.597967301915451E-002
  2.759999999999989E-002  3.610666141485829E-002
  2.769999999999989E-002  3.623362194495105E-002
  2.779999999999989E-002  3.636078963267063E-002
  2.789999999999989E-002  3.648782849229063E-002
  2.799999999999989E-002  3.661494208987540E-002
  2.809999999999989E-002  3.674213355729501E-002
  2.819999999999988E-002  3.686952145630818E-002
  2.829999999999988E-002  3.699707045200702E-002
  2.839999999999988E-002  3.712425199595516E-002
  2.849999999999988E-002  3.725143311420272E-002
  2.859999999999988E-002  3.737881513977775E-002
  2.869999999999988E-002  3.750633537289682E-002
  2.879999999999988E-002  3.763377681549096E-002
  2.889999999999988E-002  3.776113567821320E-002
  2.899999999999988E-002  3.788864905976821E-002
  2.909999999999988E-002  3.801609406947460E-002
  2.919999999999988E-002  3.814344204961862E-002
  2.929999999999988E-002  3.827089478807031E-002
  2.939999999999988E-002  3.839842927324681E-002
  2.949999999999988E-002  3.852615438346419E-002
  2.959999999999988E-002  3.865379812306238E-002
  2.969999999999988E-002  3.878149133105786E-002
  2.979999999999988E-002  3.890911464748213E-002
  2.989999999999987E-002  3.903681317275590E-002
  2.999999999999987E-002  3.916454750601922E-002
  3.009999999999987E-002  3.929238761046142E-002
  3.019999999999987E-002  3.942003687980302E-002
  3.029999999999987E-002  3.954785940558084E-002
  3.039999999999987E-002  3.967585296506080E-002
  3.049999999999987E-002  3.980391474065104E-002
  3.059999999999987E-002  3.993185473555069E-002
  3.069999999999987E-002  4.005976050710837E-002
  3.079999999999987E-002  4.018775287484481E-002
  3.089999999999987E-002  4.031586661729895E-002
  3.099999999999987E-002  4.044417304847239E-002
  3.109999999999987E-002  4.057268853902118E-002
  3.119999999999987E-002  4.070114865126512E-002
  3.129999999999987E-002  4.082975947555317E-002
  3.139999999999987E-002  4.095833093422332E-002
  3.149999999999988E-002  4.108711940343574E-002
  3.159999999999988E-002  4.121597404340736E-002
  3.169999999999988E-002  4.134501509752266E-002
  3.179999999999988E-002  4.147395386724421E-002
  3.189999999999989E-002  4.160281273029304E-002
  3.199999999999989E-002  4.173181018774891E-002
  3.209999999999989E-002  4.186078269776247E-002
  3.219999999999990E-002  4.198961069611037E-002
  3.229999999999990E-002  4.211851907051430E-002
  3.239999999999990E-002  4.224771510761852E-002
  3.249999999999990E-002  4.237691416907052E-002
  3.259999999999991E-002  4.250625869700661E-002
  3.269999999999991E-002  4.263563400107920E-002
  3.279999999999991E-002  4.276530039998613E-002
  3.289999999999992E-002  4.289506986401818E-002
  3.299999999999992E-002  4.302527270643433E-002
  3.309999999999992E-002  4.315452858514387E-002
  3.319999999999992E-002  4.328092008849907E-002
  3.329999999999993E-002  4.340738829819670E-002
  3.339999999999993E-002  4.353421421904900E-002
  3.349999999999993E-002  4.366109210101989E-002
  3.359999999999994E-002  4.378777320648736E-002
  3.369999999999994E-002  4.391464576200979E-002
  3.379999999999994E-002  4.404136273129223E-002
  3.389999999999994E-002  4.416810718590979E-002
  3.399999999999995E-002  4.429490529703570E-002
  3.409999999999995E-002  4.442176664877301E-002
  3.419999999999995E-002  4.454895685156317E-002
  3.429999999999996E-002  4.467637457164263E-002
  3.439999999999996E-002  4.480421906810150E-002
  3.449999999999996E-002  4.493200133202212E-002
  3.459999999999996E-002  4.505978963056514E-002
  3.469999999999997E-002  4.518740977594016E-002
  3.479999999999997E-002  4.531501345405978E-002
  3.489999999999997E-002  4.544276745800976E-002
  3.499999999999998E-002  4.557072485018519E-002
  3.509999999999998E-002  4.569865140561731E-002
  3.519999999999998E-002  4.582644681186226E-002
  3.529999999999998E-002  4.595429765043525E-002
  3.539999999999999E-002  4.608198796711532E-002
  3.549999999999999E-002  4.620971297635369E-002
  3.559999999999999E-002  4.633761989854709E-002
  3.570000000000000E-002  4.646565187038744E-002
  3.580000000000000E-002  4.659350934641763E-002
  3.590000000000000E-002  4.672161345595772E-002
  3.600000000000000E-002  4.684958246921231E-002
  3.610000000000001E-002  4.697748008386081E-002
  3.620000000000001E-002  4.710524622808162E-002
  3.630000000000001E-002  4.723330022586243E-002
  3.640000000000002E-002  4.736122378014622E-002
  3.650000000000002E-002  4.748927194046696E-002
  3.660000000000002E-002  4.761720784521995E-002
  3.670000000000002E-002  4.774497047230714E-002
  3.680000000000003E-002  4.787278378208374E-002
  3.690000000000003E-002  4.800069896798568E-002
  3.700000000000003E-002  4.812852794719635E-002
  3.710000000000004E-002  4.825632347809587E-002
  3.720000000000004E-002  4.838423377132271E-002
  3.730000000000004E-002  4.851211487818931E-002
  3.740000000000004E-002  4.864000638308903E-002
  3.750000000000005E-002  4.876794439653460E-002
  3.760000000000005E-002  4.889566787513514E-002
  3.770000000000005E-002  4.902317596636962E-002
  3.780000000000006E-002  4.915070851089276E-002
  3.790000000000006E-002  4.927826578776523E-002
  3.800000000000006E-002  4.940584048068699E-002
  3.810000000000006E-002  4.953355357730944E-002
  3.820000000000007E-002  4.966155985772963E-002
  3.830000000000007E-002  4.978967468984228E-002
  3.840000000000007E-002  4.991782796428718E-002
  3.850000000000008E-002  5.004595741478070E-002
  3.860000000000008E-002  5.017409586313380E-002
  3.870000000000008E-002  5.030192121946486E-002
  3.880000000000008E-002  5.042957118589848E-002
  3.890000000000009E-002  5.055712245564831E-002
  3.900000000000009E-002  5.068472968525745E-002
  3.910000000000009E-002  5.081252998413623E-002
  3.920000000000010E-002  5.094021473506181E-002
  3.930000000000010E-002  5.106800432648156E-002
  3.940000000000010E-002  5.119573543523918E-002
  3.950000000000010E-002  5.132336503395198E-002
  3.960000000000011E-002  5.145085079882642E-002
  3.970000000000011E-002  5.157817057129797E-002
  3.980000000000011E-002  5.170538047211905E-002
  3.990000000000012E-002  5.183270178681621E-002
  4.000000000000012E-002  5.195993275304008E-002
  4.010000000000012E-002  5.208727306520924E-002
  4.020000000000012E-002  5.221464275327831E-002
  4.030000000000013E-002  5.234201585084491E-002
  4.040000000000013E-002  5.246934676980102E-002
  4.050000000000013E-002  5.259665895974994E-002
  4.060000000000014E-002  5.272426599619905E-002
  4.070000000000014E-002  5.285208350062414E-002
  4.080000000000014E-002  5.298009225115737E-002
  4.090000000000014E-002  5.310824118078862E-002
  4.100000000000015E-002  5.323640308576217E-002
  4.110000000000015E-002  5.336473426103130E-002
  4.120000000000015E-002  5.349333123366915E-002
  4.130000000000016E-002  5.362187962354613E-002
  4.140000000000016E-002  5.375068143655484E-002
  4.150000000000016E-002  5.387929557510468E-002
  4.160000000000016E-002  5.400783305214316E-002
  4.170000000000017E-002  5.413614372516468E-002
  4.180000000000017E-002  5.426446933863008E-002
  4.190000000000017E-002  5.439291781998023E-002
  4.200000000000018E-002  5.452138266257413E-002
  4.210000000000018E-002  5.464979328930035E-002
  4.220000000000018E-002  5.477824308402862E-002
  4.230000000000018E-002  5.490652843371911E-002
  4.240000000000019E-002  5.503459046320953E-002
  4.250000000000019E-002  5.516273800303107E-002
  4.260000000000019E-002  5.529085738339630E-002
  4.270000000000020E-002  5.541896698535562E-002
  4.280000000000020E-002  5.554732652325595E-002
  4.290000000000020E-002  5.567556369984336E-002
  4.300000000000020E-002  5.580384167133060E-002
  4.310000000000021E-002  5.593216792103520E-002
  4.320000000000021E-002  5.606070308944229E-002
  4.330000000000021E-002  5.618925666635708E-002
  4.340000000000022E-002  5.631787998207895E-002
  4.350000000000022E-002  5.644653407697087E-002
  4.360000000000022E-002  5.657542549790297E-002
  4.370000000000022E-002  5.670471284512153E-002
  4.380000000000023E-002  5.683393769869178E-002
  4.390000000000023E-002  5.696339054871429E-002
  4.400000000000023E-002  5.709322086763083E-002
  4.410000000000024E-002  5.722309755554509E-002
  4.420000000000024E-002  5.735318967305469E-002
  4.430000000000024E-002  5.748351270938241E-002
  4.440000000000024E-002  5.761383242284220E-002
  4.450000000000025E-002  5.774416104896810E-002
  4.460000000000025E-002  5.787458877135444E-002
  4.470000000000025E-002  5.800495243954331E-002
  4.480000000000026E-002  5.813511839358932E-002
  4.490000000000026E-002  5.826527393221440E-002
  4.500000000000026E-002  5.839537462344914E-002
  4.510000000000026E-002  5.852571589672718E-002
  4.520000000000027E-002  5.865607714094877E-002
  4.530000000000027E-002  5.878665551477116E-002
  4.540000000000027E-002  5.891752521062118E-002
  4.550000000000028E-002  5.904824239519513E-002
  4.560000000000028E-002  5.917896051146192E-002
  4.570000000000028E-002  5.931015223236733E-002
  4.580000000000028E-002  5.944128476216399E-002
  4.590000000000029E-002  5.957259933137078E-002
  4.600000000000029E-002  5.970400085324826E-002
  4.610000000000029E-002  5.983538451227132E-002
  4.620000000000030E-002  5.996698002182835E-002
  4.630000000000030E-002  6.009837875729753E-002
  4.640000000000030E-002  6.022957592531007E-002
  4.650000000000030E-002  6.036093230895511E-002
  4.660000000000031E-002  6.049229793426829E-002
  4.670000000000031E-002  6.062365094400552E-002
  4.680000000000031E-002  6.075508458588678E-002
  4.690000000000032E-002  6.088665009147617E-002
  4.700000000000032E-002  6.101799101634829E-002
  4.710000000000032E-002  6.114928576024670E-002
  4.720000000000033E-002  6.128036235317047E-002
  4.730000000000033E-002  6.141119456399349E-002
  4.740000000000033E-002  6.154216013790167E-002
  4.750000000000033E-002  6.167314300960879E-002
  4.760000000000034E-002  6.180418894258258E-002
  4.770000000000034E-002  6.193552794645442E-002
  4.780000000000034E-002  6.206684186050726E-002
  4.790000000000035E-002  6.219810409555482E-002
  4.800000000000035E-002  6.232940092321849E-002
  4.810000000000035E-002  6.246081431100580E-002
  4.820000000000035E-002  6.259193055442441E-002
  4.830000000000036E-002  6.272296372529296E-002
  4.840000000000036E-002  6.285396395497560E-002
  4.850000000000036E-002  6.298495508068948E-002
  4.860000000000037E-002  6.311601074673247E-002
  4.870000000000037E-002  6.324687368433135E-002
  4.880000000000037E-002  6.337800447417671E-002
  4.890000000000037E-002  6.350918460558448E-002
  4.900000000000038E-002  6.364026623662510E-002
  4.910000000000038E-002  6.377133856160536E-002
  4.920000000000038E-002  6.390246579240819E-002
  4.930000000000039E-002  6.403359070316508E-002
  4.940000000000039E-002  6.416476769537964E-002
  4.950000000000039E-002  6.429585262861422E-002
  4.960000000000039E-002  6.442703344640807E-002
  4.970000000000040E-002  6.455835449716178E-002
  4.980000000000040E-002  6.468986541584115E-002
  4.990000000000040E-002  6.482149129473350E-002
  5.000000000000041E-002  6.495322240703062E-002
  5.010000000000041E-002  6.508485360508974E-002
  5.020000000000041E-002  6.521633090296644E-002
  5.030000000000041E-002  6.534788233691198E-002
  5.040000000000042E-002  6.547972498527145E-002
  5.050000000000042E-002  6.561171956463613E-002
  5.060000000000042E-002  6.574351447797065E-002
  5.070000000000043E-002  6.587544233915676E-002
  5.080000000000043E-002  6.600741486273722E-002
  5.090000000000043E-002  6.613940473454780E-002
  5.100000000000043E-002  6.627160977299308E-002
  5.110000000000044E-002  6.640367099424159E-002
  5.120000000000044E-002  6.653572062212365E-002
  5.130000000000044E-002  6.666767164687128E-002
  5.140000000000045E-002  6.679972560294294E-002
  5.150000000000045E-002  6.693150700816507E-002
  5.160000000000045E-002  6.706321043604180E-002
  5.170000000000045E-002  6.719528016787155E-002
  5.180000000000046E-002  6.732755930501660E-002
  5.190000000000046E-002  6.745977853866521E-002
  5.200000000000046E-002  6.759195756647741E-002
  5.210000000000047E-002  6.772412588571559E-002
  5.220000000000047E-002  6.785659968128016E-002
  5.230000000000047E-002  6.798873195066615E-002
  5.240000000000047E-002  6.812113633554941E-002
  5.250000000000048E-002  6.825358387011139E-002
  5.260000000000048E-002  6.838583845317875E-002
  5.270000000000048E-002  6.851795879205101E-002
  5.280000000000049E-002  6.865008245177071E-002
  5.290000000000049E-002  6.878237964756753E-002
  5.300000000000049E-002  6.891442400088360E-002
  5.310000000000049E-002  6.904621064088344E-002
  5.320000000000050E-002  6.917771120940663E-002
  5.330000000000050E-002  6.930920015658486E-002
  5.340000000000050E-002  6.944081936714382E-002
  5.350000000000051E-002  6.957242307756628E-002
  5.360000000000051E-002  6.970383647130449E-002
  5.370000000000051E-002  6.983507686836779E-002
  5.380000000000051E-002  6.996645224798297E-002
  5.390000000000052E-002  7.009761064396201E-002
  5.400000000000052E-002  7.022864326685743E-002
  5.410000000000052E-002  7.035944947765987E-002
  5.420000000000053E-002  7.049019778034023E-002
  5.430000000000053E-002  7.062093912560363E-002
  5.440000000000053E-002  7.075163917396649E-002
  5.450000000000053E-002  7.088267221341422E-002
  5.460000000000054E-002  7.101385777371595E-002
  5.470000000000054E-002  7.114505674668348E-002
  5.480000000000054E-002  7.127637618953842E-002
  5.490000000000055E-002  7.140755593125304E-002
  5.500000000000055E-002  7.153879551689624E-002
  5.510000000000055E-002  7.167022110956291E-002
  5.520000000000055E-002  7.180171780042821E-002
  5.530000000000056E-002  7.193323600678454E-002
  5.540000000000056E-002  7.206471888449834E-002
  5.550000000000056E-002  7.219635571834326E-002
  5.560000000000057E-002  7.232798689173724E-002
  5.570000000000057E-002  7.245970382866275E-002
  5.580000000000057E-002  7.259125465219292E-002
  5.590000000000057E-002  7.272270621308574E-002
  5.600000000000058E-002  7.285419370104357E-002
  5.610000000000058E-002  7.298583282370381E-002
  5.620000000000058E-002  7.311760973007228E-002
  5.630000000000059E-002  7.324938087349964E-002
  5.640000000000059E-002  7.338113310064195E-002
  5.650000000000059E-002  7.351259795792815E-002
  5.660000000000059E-002  7.364419738684848E-002
  5.670000000000060E-002  7.377581577568364E-002
  5.680000000000060E-002  7.390763557765613E-002
  5.690000000000060E-002  7.403937771142560E-002
  5.700000000000061E-002  7.417096432246262E-002
  5.710000000000061E-002  7.430262502172630E-002
  5.720000000000061E-002  7.443449590972737E-002
  5.730000000000061E-002  7.456628045153048E-002
  5.740000000000062E-002  7.469815743880709E-002
  5.750000000000062E-002  7.483027060397161E-002
  5.760000000000062E-002  7.496237916472324E-002
  5.770000000000063E-002  7.509435190116341E-002
  5.780000000000063E-002  7.522640498605954E-002
  5.790000000000063E-002  7.535826197561014E-002
  5.800000000000063E-002  7.549003016559745E-002
  5.810000000000064E-002  7.562155944897470E-002
  5.820000000000064E-002  7.575333850052755E-002
  5.830000000000064E-002  7.588512329846264E-002
  5.840000000000065E-002  7.601692130690893E-002
  5.850000000000065E-002  7.614877729386656E-002
  5.860000000000065E-002  7.628094096681437E-002
  5.870000000000065E-002  7.641305022285261E-002
  5.880000000000066E-002  7.654523341129817E-002
  5.890000000000066E-002  7.667764866255959E-002
  5.900000000000066E-002  7.681011265333390E-002
  5.910000000000067E-002  7.694244608731249E-002
  5.920000000000067E-002  7.707489502073041E-002
  5.930000000000067E-002  7.720740663171514E-002
  5.940000000000067E-002  7.734001739707891E-002
  5.950000000000068E-002  7.747260817980837E-002
  5.960000000000068E-002  7.760524101099422E-002
  5.970000000000068E-002  7.773781391885391E-002
  5.980000000000069E-002  7.787062247293038E-002
  5.990000000000069E-002  7.800358249723653E-002
  6.000000000000069E-002  7.813679538000291E-002
  6.010000000000069E-002  7.826998435408640E-002
  6.020000000000070E-002  7.840341326908994E-002
  6.030000000000070E-002  7.853678974393311E-002
  6.040000000000070E-002  7.867020566675750E-002
  6.050000000000071E-002  7.880395770249740E-002
  6.060000000000071E-002  7.893757756570628E-002
  6.070000000000071E-002  7.907147774890377E-002
  6.080000000000071E-002  7.920556377051373E-002
  6.090000000000072E-002  7.933959707610473E-002
  6.100000000000072E-002  7.947335492805062E-002
  6.110000000000072E-002  7.960706263298165E-002
  6.120000000000073E-002  7.974088557089531E-002
  6.130000000000073E-002  7.987468009190711E-002
  6.140000000000073E-002  8.000833378508963E-002
  6.150000000000073E-002  8.014194994006513E-002
  6.160000000000074E-002  8.027554103713631E-002
  6.170000000000074E-002  8.040928627801452E-002
  6.180000000000074E-002  8.054285705297791E-002
  6.190000000000075E-002  8.067630543038749E-002
  6.200000000000075E-002  8.080977138657258E-002
  6.210000000000075E-002  8.094318162006410E-002
  6.220000000000075E-002  8.107661619586082E-002
  6.230000000000076E-002  8.121004797790891E-002
  6.240000000000076E-002  8.134336021994555E-002
  6.250000000000076E-002  8.147692645871754E-002
  6.260000000000077E-002  8.161051997894042E-002
  6.270000000000077E-002  8.174432068283381E-002
  6.280000000000077E-002  8.187819357736341E-002
  6.290000000000077E-002  8.201191606087803E-002
  6.300000000000078E-002  8.214579270164953E-002
  6.310000000000078E-002  8.227939589761653E-002
  6.320000000000078E-002  8.241317261783079E-002
  6.330000000000079E-002  8.254697519365503E-002
  6.340000000000079E-002  8.268082630383992E-002
  6.350000000000079E-002  8.281446181332040E-002
  6.360000000000079E-002  8.294813747482048E-002
  6.370000000000080E-002  8.308190791671485E-002
  6.380000000000080E-002  8.321564982048260E-002
  6.390000000000080E-002  8.334955943527952E-002
  6.400000000000081E-002  8.348352954089590E-002
  6.410000000000081E-002  8.361768633872348E-002
  6.420000000000081E-002  8.375179440121815E-002
  6.430000000000081E-002  8.388609590164676E-002
  6.440000000000082E-002  8.402024124326833E-002
  6.450000000000082E-002  8.415449245379610E-002
  6.460000000000082E-002  8.428871357131257E-002
  6.470000000000083E-002  8.442274044129774E-002
  6.480000000000083E-002  8.455686764990555E-002
  6.490000000000083E-002  8.469101897121095E-002
  6.500000000000083E-002  8.482505034021670E-002
  6.510000000000084E-002  8.495921542486845E-002
  6.520000000000084E-002  8.509312949850167E-002
  6.530000000000084E-002  8.522697743360473E-002
  6.540000000000085E-002  8.536073344173607E-002
  6.550000000000085E-002  8.549447482297844E-002
  6.560000000000085E-002  8.562817899189541E-002
  6.570000000000085E-002  8.576182406387389E-002
  6.580000000000086E-002  8.589530044073369E-002
  6.590000000000086E-002  8.602865824909070E-002
  6.600000000000086E-002  8.616197484604533E-002
  6.610000000000087E-002  8.629542443314647E-002
  6.620000000000087E-002  8.642925373472073E-002
  6.630000000000087E-002  8.656287603201784E-002
  6.640000000000087E-002  8.669643020222459E-002
  6.650000000000088E-002  8.682989611299938E-002
  6.660000000000088E-002  8.696357292916244E-002
  6.670000000000088E-002  8.709719610580316E-002
  6.680000000000089E-002  8.723080066796350E-002
  6.690000000000089E-002  8.736464293709592E-002
  6.700000000000089E-002  8.749830400822092E-002
  6.710000000000090E-002  8.763173337529601E-002
  6.720000000000090E-002  8.776529708460840E-002
  6.730000000000090E-002  8.789882595585714E-002
  6.740000000000090E-002  8.803242230694518E-002
  6.750000000000091E-002  8.816616372171927E-002
  6.760000000000091E-002  8.830011033939207E-002
  6.770000000000091E-002  8.843403412528426E-002
  6.780000000000092E-002  8.856764425478943E-002
  6.790000000000092E-002  8.870152210810153E-002
  6.800000000000092E-002  8.883552438406637E-002
  6.810000000000092E-002  8.896958882700869E-002
  6.820000000000093E-002  8.910367471533169E-002
  6.830000000000093E-002  8.923779927860402E-002
  6.840000000000093E-002  8.937226685880746E-002
  6.850000000000094E-002  8.950674125519427E-002
  6.860000000000094E-002  8.964144045303669E-002
  6.870000000000094E-002  8.977609961827877E-002
  6.880000000000094E-002  8.991066177876944E-002
  6.890000000000095E-002  9.004506329758812E-002
  6.900000000000095E-002  9.017950940789940E-002
  6.910000000000095E-002  9.031406608476908E-002
  6.920000000000096E-002  9.044855502522833E-002
  6.930000000000096E-002  9.058330738931865E-002
  6.940000000000096E-002  9.071794730565966E-002
  6.950000000000096E-002  9.085244308313460E-002
  6.960000000000097E-002  9.098699859060265E-002
  6.970000000000097E-002  9.112145286805762E-002
  6.980000000000097E-002  9.125562909614800E-002
  6.990000000000098E-002  9.138959882142698E-002
  7.000000000000098E-002  9.152352414043800E-002
  7.010000000000098E-002  9.165749728177319E-002
  7.020000000000098E-002  9.179165097136700E-002
  7.030000000000099E-002  9.192565606471520E-002
  7.040000000000099E-002  9.205961697049680E-002
  7.050000000000099E-002  9.219364274759598E-002
  7.060000000000100E-002  9.232767089282419E-002
  7.070000000000100E-002  9.246177562091835E-002
  7.080000000000100E-002  9.259553005238527E-002
  7.090000000000100E-002  9.272933617172735E-002
  7.100000000000101E-002  9.286314210869061E-002
  7.110000000000101E-002  9.299712601266537E-002
  7.120000000000101E-002  9.313109347682957E-002
  7.130000000000102E-002  9.326503595502716E-002
  7.140000000000102E-002  9.339907033860192E-002
  7.150000000000102E-002  9.353332987621103E-002
  7.160000000000102E-002  9.366743111944992E-002
  7.170000000000103E-002  9.380159690791537E-002
  7.180000000000103E-002  9.393563567890501E-002
  7.190000000000103E-002  9.406947825643541E-002
  7.200000000000104E-002  9.420358781449628E-002
  7.210000000000104E-002  9.433800474524323E-002
  7.220000000000104E-002  9.447232983213784E-002
  7.230000000000104E-002  9.460662189280167E-002
  7.240000000000105E-002  9.474070136296696E-002
  7.250000000000105E-002  9.487476071445182E-002
  7.260000000000105E-002  9.500888150811318E-002
  7.270000000000106E-002  9.514300943804491E-002
  7.280000000000106E-002  9.527712672707132E-002
  7.290000000000106E-002  9.541130084603926E-002
  7.300000000000106E-002  9.554531200735623E-002
  7.310000000000107E-002  9.567937391653870E-002
  7.320000000000107E-002  9.581354045343045E-002
  7.330000000000107E-002  9.594780679488062E-002
  7.340000000000108E-002  9.608200878627488E-002
  7.350000000000108E-002  9.621612561953735E-002
  7.360000000000108E-002  9.635016739558307E-002
  7.370000000000108E-002  9.648428451052436E-002
  7.380000000000109E-002  9.661833382317543E-002
  7.390000000000109E-002  9.675227343177005E-002
  7.400000000000109E-002  9.688619460224919E-002
  7.410000000000110E-002  9.702020946829883E-002
  7.420000000000110E-002  9.715407445641480E-002
  7.430000000000110E-002  9.728786357142177E-002
  7.440000000000110E-002  9.742143313256599E-002
  7.450000000000111E-002  9.755523279774959E-002
  7.460000000000111E-002  9.768908209954062E-002
  7.470000000000111E-002  9.782283237867920E-002
  7.480000000000112E-002  9.795658054166657E-002
  7.490000000000112E-002  9.809048251246234E-002
  7.500000000000112E-002  9.822439743024720E-002
  7.510000000000112E-002  9.835855844713579E-002
  7.520000000000113E-002  9.849282463558656E-002
  7.530000000000113E-002  9.862713828286783E-002
  7.540000000000113E-002  9.876155219899191E-002
  7.550000000000114E-002  9.889597047141739E-002
  7.560000000000114E-002  9.903046950774951E-002
  7.570000000000114E-002  9.916527386007780E-002
  7.580000000000114E-002  9.930012526833182E-002
  7.590000000000115E-002  9.943512759752450E-002
  7.600000000000115E-002  9.957045068766369E-002
  7.610000000000115E-002  9.970584858474468E-002
  7.620000000000116E-002  9.984128473118012E-002
  7.630000000000116E-002  9.997654300650301E-002
  7.640000000000116E-002  0.100111957985856     
  7.650000000000116E-002  0.100247155379789     
  7.660000000000117E-002  0.100382401721141     
  7.670000000000117E-002  0.100517906214841     
  7.680000000000117E-002  0.100653371364962     
  7.690000000000118E-002  0.100788735776924     
  7.700000000000118E-002  0.100924159621512     
  7.710000000000118E-002  0.101059596907837     
  7.720000000000118E-002  0.101194906350975     
  7.730000000000119E-002  0.101330325207829     
  7.740000000000119E-002  0.101465545404278     
  7.750000000000119E-002  0.101600637170183     
  7.760000000000120E-002  0.101735822116557     
  7.770000000000120E-002  0.101870827290485     
  7.780000000000120E-002  0.102005761450133     
  7.790000000000120E-002  0.102140779259659     
  7.800000000000121E-002  0.102276042507499     
  7.810000000000121E-002  0.102411282869708     
  7.820000000000121E-002  0.102546537718997     
  7.830000000000122E-002  0.102681850865332     
  7.840000000000122E-002  0.102817376598038     
  7.850000000000122E-002  0.102952802721661     
  7.860000000000122E-002  0.103088336241310     
  7.870000000000123E-002  0.103223816620863     
  7.880000000000123E-002  0.103359267703244     
  7.890000000000123E-002  0.103494874671009     
  7.900000000000124E-002  0.103630541284640     
  7.910000000000124E-002  0.103766307812611     
  7.920000000000124E-002  0.103902175849132     
  7.930000000000124E-002  0.104037684896016     
  7.940000000000125E-002  0.104173201984143     
  7.950000000000125E-002  0.104308797177687     
  7.960000000000125E-002  0.104444631486502     
  7.970000000000126E-002  0.104580580148573     
  7.980000000000126E-002  0.104716372390526     
  7.990000000000126E-002  0.104852086301168     
  8.000000000000126E-002  0.104987744384934     
  8.010000000000127E-002  0.105123485270556     
  8.020000000000127E-002  0.105259308454235     
  8.030000000000127E-002  0.105394951107091     
  8.040000000000128E-002  0.105530855702636     
  8.050000000000128E-002  0.105666971965284     
  8.060000000000128E-002  0.105802947703537     
  8.070000000000128E-002  0.105938777537046     
  8.080000000000129E-002  0.106074676416773     
  8.090000000000129E-002  0.106210646626450     
  8.100000000000129E-002  0.106346711683170     
  8.110000000000130E-002  0.106482650136435     
  8.120000000000130E-002  0.106618389164402     
  8.130000000000130E-002  0.106754151092478     
  8.140000000000130E-002  0.106889822239714     
  8.150000000000131E-002  0.107025643667532     
  8.160000000000131E-002  0.107161461472730     
  8.170000000000131E-002  0.107297094335675     
  8.180000000000132E-002  0.107432739329891     
  8.190000000000132E-002  0.107568405438195     
  8.200000000000132E-002  0.107703801558239     
  8.210000000000132E-002  0.107839196599961     
  8.220000000000133E-002  0.107974478815114     
  8.230000000000133E-002  0.108109493123541     
  8.240000000000133E-002  0.108244443423580     
  8.250000000000134E-002  0.108379286864908     
  8.260000000000134E-002  0.108514297244373     
  8.270000000000134E-002  0.108649324466925     
  8.280000000000134E-002  0.108784527119093     
  8.290000000000135E-002  0.108919795364366     
  8.300000000000135E-002  0.109055048703625     
  8.310000000000135E-002  0.109190268329138     
  8.320000000000136E-002  0.109325489472813     
  8.330000000000136E-002  0.109460652313833     
  8.340000000000136E-002  0.109595774962792     
  8.350000000000136E-002  0.109730892629670     
  8.360000000000137E-002  0.109866118920127     
  8.370000000000137E-002  0.110001250859046     
  8.380000000000137E-002  0.110136424070438     
  8.390000000000138E-002  0.110271513581321     
  8.400000000000138E-002  0.110406701865647     
  8.410000000000138E-002  0.110541810272361     
  8.420000000000138E-002  0.110677081430342     
  8.430000000000139E-002  0.110812316115913     
  8.440000000000139E-002  0.110947240485428     
  8.450000000000139E-002  0.111082013516795     
  8.460000000000140E-002  0.111216467124255     
  8.470000000000140E-002  0.111350771376046     
  8.480000000000140E-002  0.111485084056518     
  8.490000000000140E-002  0.111619068006015     
  8.500000000000141E-002  0.111752898564675     
  8.510000000000141E-002  0.111887082800346     
  8.520000000000141E-002  0.112021386638508     
  8.530000000000142E-002  0.112155925093653     
  8.540000000000142E-002  0.112290384001602     
  8.550000000000142E-002  0.112424836330272     
  8.560000000000142E-002  0.112559283059260     
  8.570000000000143E-002  0.112693670756497     
  8.580000000000143E-002  0.112828044320976     
  8.590000000000143E-002  0.112962520230238     
  8.600000000000144E-002  0.113096919472184     
  8.610000000000144E-002  0.113231335228663     
  8.620000000000144E-002  0.113365783418527     
  8.630000000000144E-002  0.113499998955175     
  8.640000000000145E-002  0.113634293810466     
  8.650000000000145E-002  0.113768538822507     
  8.660000000000145E-002  0.113902495970482     
  8.670000000000146E-002  0.114036517428622     
  8.680000000000146E-002  0.114170322303596     
  8.690000000000146E-002  0.114304106415870     
  8.700000000000147E-002  0.114437845733376     
  8.710000000000147E-002  0.114571682654228     
  8.720000000000147E-002  0.114705293112639     
  8.730000000000147E-002  0.114838918322903     
  8.740000000000148E-002  0.114972579872161     
  8.750000000000148E-002  0.115106221901157     
  8.760000000000148E-002  0.115239564389497     
  8.770000000000149E-002  0.115371612122770     
  8.780000000000149E-002  0.115503624879166     
  8.790000000000149E-002  0.115635583800933     
  8.800000000000149E-002  0.115767443983408     
  8.810000000000150E-002  0.115899565274286     
  8.820000000000150E-002  0.116031578327888     
  8.830000000000150E-002  0.116163652950866     
  8.840000000000151E-002  0.116295639980575     
  8.850000000000151E-002  0.116427493253569     
  8.860000000000151E-002  0.116559309726729     
  8.870000000000151E-002  0.116691206286905     
  8.880000000000152E-002  0.116823178600948     
  8.890000000000152E-002  0.116955501355935     
  8.900000000000152E-002  0.117087973966814     
  8.910000000000153E-002  0.117220343808963     
  8.920000000000153E-002  0.117352712346033     
  8.930000000000153E-002  0.117484897791225     
  8.940000000000153E-002  0.117617031800007     
  8.950000000000154E-002  0.117749172617022     
  8.960000000000154E-002  0.117881264691798     
  8.970000000000154E-002  0.118013071646995     
  8.980000000000155E-002  0.118144880300516     
  8.990000000000155E-002  0.118276675060430     
  9.000000000000155E-002  0.118408708592153     
  9.010000000000155E-002  0.118540611458834     
  9.020000000000156E-002  0.118672745409072     
  9.030000000000156E-002  0.118804574317076     
  9.040000000000156E-002  0.118936288786964     
  9.050000000000157E-002  0.119067729340223     
  9.060000000000157E-002  0.119199421985434     
  9.070000000000157E-002  0.119330984950325     
  9.080000000000157E-002  0.119462714165005     
  9.090000000000158E-002  0.119594305963451     
  9.100000000000158E-002  0.119726076433365     
  9.110000000000158E-002  0.119857827735207     
  9.120000000000159E-002  0.119989273795859     
  9.130000000000159E-002  0.120120833616688     
  9.140000000000159E-002  0.120252279900472     
  9.150000000000159E-002  0.120383688588783     
  9.160000000000160E-002  0.120515220868200     
  9.170000000000160E-002  0.120646821110706     
  9.180000000000160E-002  0.120778385529089     
  9.190000000000161E-002  0.120909844400086     
  9.200000000000161E-002  0.121041080563116     
  9.210000000000161E-002  0.121172199349644     
  9.220000000000161E-002  0.121303097173977     
  9.230000000000162E-002  0.121433887558643     
  9.240000000000162E-002  0.121564633028713     
  9.250000000000162E-002  0.121695333923882     
  9.260000000000163E-002  0.121825985371271     
  9.270000000000163E-002  0.121956644864235     
  9.280000000000163E-002  0.122087041295795     
  9.290000000000163E-002  0.122217484647907     
  9.300000000000164E-002  0.122347989433455     
  9.310000000000164E-002  0.122478375487304     
  9.320000000000164E-002  0.122608850840605     
  9.330000000000165E-002  0.122739520230321     
  9.340000000000165E-002  0.122869979369407     
  9.350000000000165E-002  0.123000593191596     
  9.360000000000165E-002  0.123131372998336     
  9.370000000000166E-002  0.123261838587120     
  9.380000000000166E-002  0.123392416705991     
  9.390000000000166E-002  0.123522963411242     
  9.400000000000167E-002  0.123653237257303     
  9.410000000000167E-002  0.123783427407114     
  9.420000000000167E-002  0.123913666106625     
  9.430000000000167E-002  0.124044197770098     
  9.440000000000168E-002  0.124174757004400     
  9.450000000000168E-002  0.124305153937673     
  9.460000000000168E-002  0.124435739875998     
  9.470000000000169E-002  0.124566144738239     
  9.480000000000169E-002  0.124696389942081     
  9.490000000000169E-002  0.124826529186264     
  9.500000000000169E-002  0.124956844715369     
  9.510000000000170E-002  0.125087302935997     
  9.520000000000170E-002  0.125217929449975     
  9.530000000000170E-002  0.125348658301004     
  9.540000000000171E-002  0.125477382860046     
  9.550000000000171E-002  0.125605479996160     
  9.560000000000171E-002  0.125733598545217     
  9.570000000000171E-002  0.125861914706635     
  9.580000000000172E-002  0.125990192824293     
  9.590000000000172E-002  0.126118257003248     
  9.600000000000172E-002  0.126246442690352     
  9.610000000000173E-002  0.126374660359256     
  9.620000000000173E-002  0.126502811134613     
  9.630000000000173E-002  0.126630923325812     
  9.640000000000173E-002  0.126758982725049     
  9.650000000000174E-002  0.126887052826855     
  9.660000000000174E-002  0.127015125146817     
  9.670000000000174E-002  0.127143021893853     
  9.680000000000175E-002  0.127270985845006     
  9.690000000000175E-002  0.127398901856324     
  9.700000000000175E-002  0.127527008921644     
  9.710000000000175E-002  0.127655321115243     
  9.720000000000176E-002  0.127783749013733     
  9.730000000000176E-002  0.127912436371067     
  9.740000000000176E-002  0.128041259391087     
  9.750000000000177E-002  0.128170221519918     
  9.760000000000177E-002  0.128299009167553     
  9.770000000000177E-002  0.128427955988069     
  9.780000000000177E-002  0.128556743252692     
  9.790000000000178E-002  0.128685371804970     
  9.800000000000178E-002  0.128813998580157     
  9.810000000000178E-002  0.128942401889022     
  9.820000000000179E-002  0.129071031204773     
  9.830000000000179E-002  0.129199661606892     
  9.840000000000179E-002  0.129328397806733     
  9.850000000000179E-002  0.129456847479677     
  9.860000000000180E-002  0.129585011582195     
  9.870000000000180E-002  0.129712967040500     
  9.880000000000180E-002  0.129840652022771     
  9.890000000000181E-002  0.129968529041029     
  9.900000000000181E-002  0.130096502599967     
  9.910000000000181E-002  0.130224582928523     
  9.920000000000181E-002  0.130352698646435     
  9.930000000000182E-002  0.130481136456736     
  9.940000000000182E-002  0.130609603570940     
  9.950000000000182E-002  0.130738319968526     
  9.960000000000183E-002  0.130866712301860     
  9.970000000000183E-002  0.130994997108614     
  9.980000000000183E-002  0.131123433328402     
  9.990000000000183E-002  0.131251616756676     
  0.100000000000002       0.131379994338931     
