  0.000000000000000E+000 -0.492799558998802      -0.487036736033317     
  1.000000000000000E-002 -0.484912476683011      -0.498395536297872     
  2.000000000000000E-002 -0.477079822592615      -0.491070779118729     
  3.000000000000000E-002 -0.468796174145170      -0.480918868200656     
  4.000000000000000E-002 -0.460369609328177      -0.471172092413860     
  5.000000000000000E-002 -0.451867041137953      -0.461822976744781     
  6.000000000000000E-002 -0.443969639464546      -0.453146323729447     
  7.000000000000001E-002 -0.435498902380554      -0.441090020994469     
  8.000000000000000E-002 -0.430190014280683      -0.428482889086811     
  9.000000000000000E-002 -0.426860012149777      -0.414234863563519     
  0.100000000000000      -0.424093836191025      -0.399557014661072     
  0.110000000000000      -0.421867158185267      -0.385701749165507     
  0.120000000000000      -0.418924688487774      -0.371224910305302     
  0.130000000000000      -0.415726652140696      -0.356534887141892     
  0.140000000000000      -0.413008850262809      -0.341671381039695     
  0.150000000000000      -0.410036487609093      -0.327013684985082     
  0.160000000000000      -0.406932622645487      -0.313177127834252     
  0.170000000000000      -0.403545284234653      -0.299741646223686     
  0.180000000000000      -0.403156940836296      -0.289550527606929     
  0.190000000000000      -0.403191588438338      -0.278899719394399     
  0.200000000000000      -0.403005006084359      -0.268631978088311     
  0.210000000000000      -0.402978306251030      -0.258130774734840     
  0.220000000000000      -0.403217697911244      -0.247405677693609     
  0.230000000000000      -0.403282951810628      -0.236390027795933     
  0.240000000000000      -0.403429692317204      -0.225030946821218     
  0.250000000000000      -0.403689924735780      -0.213714206245943     
  0.260000000000000      -0.404045622756793      -0.202022935265303     
  0.270000000000000      -0.403682045978786      -0.191040438896242     
  0.280000000000000      -0.404741866775610      -0.176886333527873     
  0.290000000000000      -0.405564597842612      -0.164903420211462     
  0.300000000000000      -0.406299974956288      -0.153773797894418     
  0.310000000000000      -0.403503405833111      -0.143581727465101     
  0.320000000000000      -0.401020544590985      -0.133570099771707     
  0.330000000000000      -0.398994614704623      -0.122966861312907     
  0.340000000000000      -0.396826830625752      -0.112667853700785     
  0.350000000000000      -0.394896827668809      -0.103131565313560     
  0.360000000000000      -0.393385458604376      -9.333229988427835E-002
  0.370000000000000      -0.392028857374817      -8.317465916270825E-002
  0.380000000000000      -0.391312100833749      -7.239156340567768E-002
  0.390000000000000      -0.390935225661125      -6.219645674067261E-002
  0.400000000000000      -0.390216799815794      -5.169922431713177E-002
  0.410000000000000      -0.389069790877906      -4.186546188309009E-002
  0.420000000000000      -0.388059011587309      -3.206324531847883E-002
  0.430000000000000      -0.386632726307427      -2.254745006288229E-002
  0.440000000000000      -0.385598390719842      -1.260502198789792E-002
  0.450000000000000      -0.384599812501265      -3.202819485049462E-003
  0.460000000000000      -0.383618267937466       5.316718026446919E-003
  0.470000000000000      -0.382539636531725       1.381099331263387E-002
  0.480000000000000      -0.380923383130402       2.289814354458817E-002
  0.490000000000000      -0.379153596743085       3.239409687363450E-002
  0.500000000000000      -0.377052013793430       4.220324348548159E-002
  0.510000000000000      -0.375338165049235       5.224477337664690E-002
  0.520000000000000      -0.372936415843754       6.190038499281083E-002
  0.530000000000000      -0.371024209993871       7.157784819037258E-002
  0.540000000000000      -0.368847406946352       8.055352224665777E-002
  0.550000000000000      -0.366347899836069       8.901206742972796E-002
  0.560000000000000      -0.363938462091479       9.698068135153251E-002
  0.570000000000000      -0.361878655955182       0.105325538334466     
  0.580000000000000      -0.359185563992603       0.114122897993531     
  0.590000000000000      -0.356438942668569       0.122890083526289     
  0.600000000000000      -0.354192191023411       0.131482238211537     
  0.610000000000000      -0.352471286067949       0.140321004535924     
  0.620000000000000      -0.350109723758599       0.149455373092889     
  0.630000000000000      -0.348401470860770       0.158359536529807     
  0.640000000000000      -0.346790780497738       0.166758585747621     
  0.650000000000000      -0.344512677475705       0.175649403159908     
  0.660000000000000      -0.341870685984200       0.184326346719299     
  0.670000000000000      -0.338902398583414       0.193042446942495     
  0.680000000000000      -0.336160184312362       0.202167239525150     
  0.690000000000000      -0.332948660904597       0.211686263897174     
  0.700000000000000      -0.329387421032509       0.221115597503744     
  0.710000000000000      -0.325983033919445       0.230969541433196     
  0.720000000000000      -0.320305907479698       0.240367347973193     
  0.730000000000000      -0.333250015245333       0.260235469468484     
  0.740000000000000      -0.345592096597754       0.278690918309166     
  0.750000000000000      -0.358391612534186       0.297126375652816     
  0.760000000000000      -0.329424066659156      -0.315071484351629     
  0.770000000000000      -2.031548231045843E-002 -7.839089315071912E-002
  0.780000000000000       0.285749727838842       0.477260222826004     
  0.790000000000000       0.410687777628140      -0.117407657012602     
  0.800000000000000       0.110515445883996      -0.293491786653534     
  0.810000000000000      -0.187336193898200       0.289914724339467     
  0.820000000000001      -0.482083009565052       0.132892254942799     
  0.830000000000001      -0.226309743600935      -0.438591094771119     
  0.840000000000001        1.30150343276351       0.242815730689819     
  0.850000000000001        2.79376899027589       0.897453967659032     
  0.860000000000001        4.25171657378225        1.52576352227710     
  0.870000000000001        5.67518174976508        2.12781252029348     
  0.880000000000001        7.06435308894148        2.70346586040526     
  0.890000000000001        8.41904675557746        3.25318585311268     
  0.900000000000001        9.73974113351969        3.77799545184698     
  0.910000000000001        11.0269485488940        4.27699703586414     
  0.920000000000001        12.2815991788341        4.75096989829787     
  0.930000000000001        13.5042493077022        5.20024013236308     
  0.940000000000001        14.6941513083390        5.62521745576202     
  0.950000000000001        15.8517472066900        6.02659850457131     
  0.960000000000001        16.9771168362545        6.40333804835821     
  0.970000000000001        18.0707188315358        6.75589661915113     
  0.980000000000001        19.1340861360710        7.08562405564253     
  0.990000000000001        20.1663691997677        7.39184447715941     
   1.00000000000000        21.1687696715372        7.67503781832997     
   1.01000000000000        22.1414078922841        7.93586556421325     
   1.02000000000000        23.0843186008594        8.17423201766081     
   1.03000000000000        23.9983570282712        8.38951384909124     
   1.04000000000000        24.8829605758734        8.58215349133772     
   1.05000000000000        25.7392307023856        8.75354146321927     
   1.06000000000000        26.5671184333820        8.90347876645775     
   1.07000000000000        27.3673736069799        9.03147422641526     
   1.08000000000000        28.1393321060374        9.13877718387721     
   1.09000000000000        28.8831544124689        9.22507991213311     
   1.10000000000000        29.5996729368838        9.29112609324629     
   1.11000000000000        30.2885309246134        9.33599432601608     
   1.12000000000000        30.9503313833176        9.36004388834737     
   1.13000000000000        31.5860942606084        9.36358727144781     
   1.14000000000000        32.1956507755417        9.34735900650283     
   1.15000000000000        32.7791269130890        9.31132500652368     
   1.16000000000000        33.3372218007073        9.25505667911753     
   1.17000000000000        33.8698524379711        9.17865583510432     
   1.18000000000000        34.3769477736211        9.08316003291005     
   1.19000000000000        34.8585518400083        8.96874897322560     
   1.20000000000000        35.3152990587684        8.83558613980987     
   1.21000000000000        35.7469752480877        8.68354014825630     
   1.22000000000000        36.1541605837414        8.51301086928288     
   1.23000000000000        36.5374326690826        8.32476619851671     
   1.24000000000000        36.8974273942810        8.11903579760442     
   1.25000000000000        37.2335502766311        7.89566423763523     
   1.26000000000000        37.5467694465968        7.65400227456834     
   1.27000000000000        37.8368947758179        7.39516778031519     
   1.28000000000000        38.1044866798512        7.11957813466598     
   1.29000000000000        38.3496006730028        6.82607129686496     
   1.30000000000000        38.5727859579143        6.51525289424757     
   1.31000000000000        38.7740380740983        6.18781107967581     
   1.32000000000000        38.9526697849420        5.84409007055615     
   1.33000000000000        39.1095924507495        5.48389466236648     
   1.34000000000000        39.2454251397940        5.10754383341341     
   1.35000000000000        39.3598222111592        4.71463870857132     
   1.36000000000000        39.4528269410927        4.30584897374755     
   1.37000000000000        39.5251976373345        3.88076483065141     
   1.38000000000000        39.5768580824480        3.44001694210595     
   1.39000000000000        39.6080634777286        2.98435109111858     
   1.40000000000000        39.6194009372454        2.51287562614194     
   1.41000000000000        39.6111250247286        2.02651219847036     
   1.42000000000000        39.5826009619015        1.52564613535285     
   1.43000000000000        39.5337390409591        1.00990955431437     
   1.44000000000000        39.4647054814947       0.478823404549399     
   1.45000000000000        39.3760412018735      -6.762844518320565E-002
   1.46000000000000        39.2689317955889      -0.371690083134642     
   1.47000000000000        39.1424964157946       0.795956308661018     
   1.48000000000000        38.9970627870740       0.205361879333412     
   1.49000000000000        38.8327081641485      -0.398646487455705     
   1.50000000000000        38.6502972824898       1.616227185346775E-002
   1.51000000000000        38.4494369983197       0.352664706905012     
   1.52000000000000        38.2299103762489      -0.291997687877974     
   1.53000000000000        37.9930860368296      -5.020997391584436E-002
   1.54000000000000        37.7391454870664       0.379613832308122     
   1.55000000000000        37.4680784826349      -0.304368881876233     
   1.56000000000000        37.1797500238277       2.077804520336679E-003
   1.57000000000000        36.8745902280526       0.287443995453070     
   1.58000000000000        36.5525754806572      -0.436409077587694     
   1.59000000000000        36.2137742879757       0.173723081033831     
   1.60000000000000        35.8583097499357       7.638420936967649E-002
   1.61000000000000        35.4860750692011      -0.314404274495700     
   1.62000000000000        35.0979811704435       0.540051334905355     
   1.63000000000000        34.6938785461318      -0.247189714563081     
   1.64000000000000        34.2734885853519       4.598716332080444E-002
   1.65000000000000        33.8376862461842       0.143116521935549     
   1.66000000000000        33.3862829394978      -0.319738463972969     
   1.67000000000000        32.9198569253123       0.484533639268971     
   1.68000000000000        32.4376956020368      -0.362813328453485     
   1.69000000000000        31.9405733147377       0.222097000052629     
   1.70000000000000        31.4285901671674      -9.216280263231358E-002
   1.71000000000000        30.9024003987710      -2.697568399448280E-002
   1.72000000000000        30.3620648750845       0.134340460484728     
   1.73000000000000        29.8075619481068      -0.231053448221855     
   1.74000000000000        29.2386316116331       0.317374710497311     
   1.75000000000000        28.6555111493188      -0.392427314130577     
   1.76000000000000        28.0583887832962       0.456352704079849     
   1.77000000000000        27.4470239831216      -0.489760095299171     
   1.78000000000000        26.8217337838476       0.446273646404340     
   1.79000000000000        26.1829048594771      -0.413719015129927     
   1.80000000000000        25.5309727455152       0.391157326128518     
   1.81000000000000        24.8650365663227      -0.379223350980672     
   1.82000000000000        24.1854148745929       0.377959820414634     
   1.83000000000000        23.4928726778829      -0.386782241649203     
   1.84000000000000        22.7872090366338       0.404889120251682     
   1.85000000000000        22.0691173644095      -0.433140491830851     
   1.86000000000000        21.3377723745221       0.471206568086088     
   1.87000000000000        20.5941111996308      -0.481418856321443     
   1.88000000000000        19.8384396357150       0.425202148825758     
   1.89000000000000        19.0706612701678      -0.359501127145449     
   1.90000000000000        18.2905332056726       0.284914486066305     
   1.91000000000000        17.4977733375338      -0.200561639903539     
   1.92000000000000        16.6926246598732       0.107501367573644     
   1.93000000000000        15.8755800470903      -5.331952349035385E-003
   1.94000000000000        15.0461924339348      -0.105710175570578     
   1.95000000000000        14.2049575647734       0.225686812708176     
   1.96000000000000        13.3520794300975      -0.354082167157601     
   1.97000000000000        12.4879867551555       0.491561590307917     
   1.98000000000000        11.6129964225479      -0.361822258526072     
   1.99000000000000        10.7261923651409       0.206376202373017     
   2.00000000000000        9.82846690974991      -4.265794996133088E-002
   2.01000000000000        8.91909418113547      -0.129741520009242     
   2.02000000000000        7.99941863795793       0.310757535886520     
   2.03000000000000        7.06894769389606      -0.499766856280574     
   2.04000000000000        6.12764217730178       0.302722304971764     
   2.05000000000000        5.17544154285996      -9.729481201555990E-002
   2.06000000000000        4.21235982981032      -0.116186874697222     
   2.07000000000000        3.23885868759157       0.338068937934298     
   2.08000000000000        2.25494697709211      -0.432011874323755     
   2.09000000000000        1.26081236752462       0.194577547741575     
   2.10000000000000       0.256799890221841       5.031594412900797E-002
   2.11000000000000      -0.243108695711713      -0.302428686039837     
   2.12000000000000       0.219905417958004       0.438126374294587     
   2.13000000000000      -0.187488518516693      -0.171608032466505     
   2.14000000000000       0.145601136382025      -0.101823989078160     
   2.15000000000000      -9.396114085538620E-002  0.383084538016314     
   2.16000000000000       3.503692404431269E-002 -0.328269303537217     
   2.17000000000000       3.383359124981256E-002  3.295226165157961E-002
   2.18000000000000      -0.111320230299707       0.268886317685936     
   2.19000000000000       0.198521484386571      -0.421669537422190     
   2.20000000000000      -0.293702023310893       0.105032227556341     
   2.21000000000000       0.397819692319032       0.217961199045569     
   2.22000000000000      -0.489897064572944      -0.452367022193980     
   2.23000000000000       0.369207626323497       0.115882866950753     
   2.24000000000000      -0.239493322700770       0.227743853568395     
   2.25000000000000       0.100893676897644      -0.421525309024984     
   2.26000000000000       4.700849260346074E-002  6.479895319957296E-002
   2.27000000000000      -0.203175442914610       0.298763741937965     
   2.28000000000000        137.111823635724        131.587017991524     
   2.29000000000000        271.641731315007        261.144003747982     
   2.29999999999999        404.806177005277        389.385455621922     
   2.30999999999999        536.619180024741        516.324121395810     
   2.31999999999999        667.094723144066        641.973210529019     
   2.32999999999999        796.245614379587        766.346105271814     
   2.33999999999999        924.085607543204        889.455131693042     
   2.34999999999999        1050.62654322614        1011.31327374850     
   2.35999999999999        1175.88271199316        1131.93270284502     
   2.36999999999999        1299.86591654140        1251.32660938892     
   2.37999999999999        1422.58872149090        1369.50634291100     
   2.38999999999999        1544.06392117915        1486.48459516162     
   2.39999999999999        1664.30432338288        1602.27318923742     
   2.40999999999999        1783.32175129948        1716.88374740981     
   2.41999999999999        1901.12878819719        1830.32831416517     
   2.42999999999999        2017.73830528987        1942.61841534328     
   2.43999999999999        2133.16208326254        2053.76558686828     
   2.44999999999999        2247.41223122147        2163.78138648905     
   2.45999999999999        2360.49970672522        2272.67709222114     
   2.46999999999999        2472.43666236356        2380.46418639334     
   2.47999999999999        2583.23384659927        2487.15396963029     
   2.48999999999999        2692.90312243637        2592.75716517816     
   2.49999999999999        2801.45597490962        2697.28395607629     
   2.50999999999999        2908.90283935459        2800.74536740399     
   2.51999999999999        3015.25536119154        2903.15188856107     
   2.52999999999999        3120.52498587911        3004.51367755080     
   2.53999999999999        3224.72255630736        3104.84235821661     
   2.54999999999999        3327.85856019017        3204.14757266124     
   2.55999999999999        3429.94331011697        3302.43987178059     
   2.56999999999999        3530.98724355330        3399.72953970740     
   2.57999999999999        3631.00112426389        3496.02660695739     
   2.58999999999999        3729.99481268815        3591.34088105163     
   2.59999999999999        3827.97846584003        3685.68230830382     
   2.60999999999999        3924.96189046206        3779.06057386337     
   2.61999999999999        4020.95530384870        3871.48535352673     
   2.62999999999999        4115.96867503611        3962.96589684730     
   2.63999999999999        4210.01150901756        4053.51188049780     
   2.64999999999999        4303.09339121689        4143.13240258380     
   2.65999999999999        4395.22494411347        4231.83650656204     
   2.66999999999999        4486.41461433040        4319.63387639438     
   2.67999999999999        4576.67194008821        4406.53320218711     
   2.68999999999999        4666.00642936449        4492.54344064540     
   2.69999999999999        4754.42760905809        4577.67347166302     
   2.70999999999999        4841.94423463451        4661.93245985162     
   2.71999999999999        4928.56603507702        4745.32822969783     
   2.72999999999999        5014.30223059669        4827.87021857324     
   2.73999999999999        5099.16128684795        4909.56741259710     
   2.74999999999999        5183.15135535514        4990.42796560472     
   2.75999999999999        5266.28196762686        5070.46025267418     
   2.76999999999998        5348.56141518917        5149.67192436618     
   2.77999999999998        5429.99839352925        5228.07175043500     
   2.78999999999998        5510.60168876429        5305.66793481565     
   2.79999999999998        5590.37848374957        5382.46779072911     
   2.80999999999998        5669.33765002045        5458.48011679152     
   2.81999999999998        5747.48750287199        5533.71172408304     
   2.82999999999998        5824.83573928418        5608.17048404102     
   2.83999999999998        5901.39005555413        5681.86514123968     
   2.84999999999998        5977.15879434626        5754.80347055786     
   2.85999999999998        6052.15051943098        5826.99214655279     
   2.86999999999998        6126.37291030748        5898.43823222418     
   2.87999999999998        6199.83260113182        5969.15047780887     
   2.88999999999998        6272.53789149113        6039.13621275636     
   2.89999999999998        6344.49665488590        6108.40238643373     
   2.90999999999998        6415.71577297128        6176.95625520903     
   2.91999999999998        6486.20203595832        6244.80436081469     
   2.92999999999998        6555.96396297793        6311.95424902795     
   2.93999999999998        6625.00787094860        6378.41242583326     
   2.94999999999998        6693.34076125866        6444.18588748110     
   2.95999999999998        6760.97007430380        6509.28158484052     
   2.96999999999998        6827.90275727834        6573.70650661372     
   2.97999999999998        6894.14663889415        6637.46774516458     
   2.98999999999998        6959.70874420821        6700.57171960328     
   2.99999999999998        7024.59477071523        6763.02509497734     
   3.00999999999998        7088.81239564045        6824.83435560337     
   3.01999999999998        7152.36838365239        6886.00580254302     
   3.02999999999998        7215.26869721253        6946.54562098688     
   3.03999999999998        7277.52047166442        7006.45933729703     
   3.04999999999998        7339.13001392078        7065.75387837395     
   3.05999999999998        7400.10365154599        7124.43531539894     
   3.06999999999998        7460.44696790437        7182.51021416961     
   3.07999999999998        7520.16744882979        7239.98431125732     
   3.08999999999998        7579.27005476042        7296.86328566011     
   3.09999999999998        7637.76150305830        7353.15367170098     
   3.10999999999998        7695.64787011822        7408.86111822303     
   3.11999999999998        7752.93605852331        7463.99079300566     
   3.12999999999998        7809.63068648913        7518.54868209937     
   3.13999999999998        7865.73877997839        7572.54051957782     
   3.14999999999998        7921.26515241396        7625.97232983560     
   3.15999999999998        7976.21605270117        7678.84998828241     
   3.16999999999998        8030.59681852882        7731.17860799804     
   3.17999999999998        8084.41389594968        7782.96419208767     
   3.18999999999998        8137.67253519328        7834.21223433749     
   3.19999999999998        8190.37863201173        7884.92767139181     
   3.20999999999998        8242.53834993857        7935.11641977320     
   3.21999999999998        8294.15618346908        7984.78329139471     
   3.22999999999998        8345.23731026341        8033.93411653995     
   3.23999999999997        8395.78829172305        8082.57306243360     
   3.24999999999997        8445.81325355761        8130.70583281822     
   3.25999999999997        8495.31760329710        8178.33793705146     
   3.26999999999997        8544.30706530881        8225.47343090658     
   3.27999999999997        8592.78666937358        8272.11753410268     
   3.28999999999997        8640.76186420169        8318.27558936600     
   3.29999999999997        8688.23746243882        8363.95242380192     
   3.30999999999997        8735.21882928654        8409.15182011098     
   3.31999999999997        8781.71070607047        8453.87895085569     
   3.32999999999997        8827.71830049519        8498.13948085611     
   3.33999999999997        8873.24644685791        8541.93739151235     
   3.34999999999997        8918.29949120712        8585.27711397144     
   3.35999999999997        8962.88192477344        8628.16306555545     
   3.36999999999997        9006.99816594838        8670.60081001516     
   3.37999999999997        9050.65359587466        8712.59386247330     
   3.38999999999997        9093.85238988804        8754.14715002546     
   3.39999999999997        9136.59922731233        8795.26501142824     
   3.40999999999997        9178.89913256051        8835.95116474774     
   3.41999999999997        9220.75595850259        8876.21114531906     
   3.42999999999997        9262.17424765936        8916.04905030372     
   3.43999999999997        9303.15784990284        8955.46914759620     
   3.44999999999997        9343.71110758288        8994.47485659732     
   3.45999999999997        9383.83914482605        9033.07002398988     
   3.46999999999997        9423.54619753753        9071.25872998567     
   3.47999999999997        9462.83650278265        9109.04598940869     
   3.48999999999997        9501.71354153196        9146.43600206847     
   3.49999999999997        9540.18122329421        9183.43269211117     
   3.50999999999997        9578.24469227960        9220.04001240534     
   3.51999999999997        9615.90769297478        9256.26129171989     
   3.52999999999997        9653.17421823603        9292.09977431941     
   3.53999999999997        9690.04855527830        9327.55966795857     
   3.54999999999997        9726.53428392449        9362.64457129644     
   3.55999999999997        9762.63448282242        9397.35917875864     
   3.56999999999997        9798.35385351287        9431.70714982677     
   3.57999999999997        9833.69615718457        9465.69098586759     
   3.58999999999997        9868.66454438708        9499.31458464390     
   3.59999999999997        9903.26330233938        9532.58200011881     
   3.60999999999997        9937.49568122167        9565.49656002462     
   3.61999999999997        9971.36635238723        9598.06175828054     
   3.62999999999997        10004.8781546073        9630.28123342287     
   3.63999999999997        10038.0351759569        9662.15920704964     
   3.64999999999997        10070.8407005164        9693.69804237068     
   3.65999999999997        10103.2976802098        9724.90096900569     
   3.66999999999997        10135.4095989713        9755.77165819986     
   3.67999999999997        10167.1805504780        9786.31395905370     
   3.68999999999997        10198.6143739028        9816.53075711171     
   3.69999999999997        10229.7134631917        9846.42528454273     
   3.70999999999996        10260.4819374626        9876.00104163984     
   3.71999999999996        10290.9222406837        9905.26110311568     
   3.72999999999996        10321.0388068788        9934.20796548445     
   3.73999999999996        10350.8339031346        9962.84482293757     
   3.74999999999996        10380.3116526077        9991.17545325605     
   3.75999999999996        10409.4739915259        10019.2025657074     
   3.76999999999996        10438.3245408632        10046.9287893111     
   3.77999999999996        10466.8665815930        10074.3575960517     
   3.78999999999996        10495.1030478298        10101.4925983557     
   3.79999999999996        10523.0373815622        10128.3366314642     
   3.80999999999996        10550.6717457695        10154.8922339349     
   3.81999999999996        10578.0103894678        10181.1623209035     
   3.82999999999996        10605.0555823528        10207.1496659254     
   3.83999999999996        10631.8100354037        10232.8568872487     
   3.84999999999996        10658.2769589753        10258.2866039107     
   3.85999999999996        10684.4585220538        10283.4422232175     
   3.86999999999996        10710.3584754983        10308.3261706596     
   3.87999999999996        10735.9798287863        10332.9418641336     
   3.88999999999996        10761.3248919856        10357.2915846449     
   3.89999999999996        10786.3964764529        10381.3784959767     
   3.90999999999996        10811.1975410567        10405.2042324946     
   3.91999999999996        10835.7306387003        10428.7722604958     
   3.92999999999996        10859.9988410263        10452.0842866506     
   3.93999999999996        10884.0038791863        10475.1431205245     
   3.94999999999996        10907.7493274401        10497.9508059669     
   3.95999999999996        10931.2368434626        10520.5097338172     
   3.96999999999996        10954.4695036750        10542.8231070382     
   3.97999999999996        10977.4493484262        10564.8928505797     
   3.98999999999996        11000.1789796391        10586.7214184015     
   3.99999999999996        11022.6619218500        10608.3119425329     
   4.00999999999996        11044.8999931398        10629.6668759530     
   4.01999999999996        11066.8953970063        10650.7878275099     
   4.02999999999996        11088.6507370653        10671.6781746714     
   4.03999999999996        11110.1688841146        10692.3399583165     
   4.04999999999996        11131.4524243882        10712.7751637206     
   4.05999999999996        11152.5032362351        10732.9859539093     
   4.06999999999996        11173.3231263609        10752.9747082732     
   4.07999999999996        11193.9144587592        10772.7440104346     
   4.08999999999996        11214.2803079968        10792.2962871917     
   4.09999999999996        11234.4220621429        10811.6335571103     
   4.10999999999996        11254.3417072303        10830.7579764868     
   4.11999999999996        11274.0422935272        10849.6708437294     
   4.12999999999996        11293.5257447710        10868.3744682127     
   4.13999999999996        11312.7939633116        10886.8712816934     
   4.14999999999996        11331.8496608588        10905.1636712590     
   4.15999999999996        11350.6946222301        10923.2527698980     
   4.16999999999996        11369.3310024876        10941.1414503786     
   4.17999999999996        11387.7617037293        10958.8308518566     
   4.18999999999996        11405.9881911757        10976.3237058830     
   4.19999999999995        11424.0131095308        10993.6220431017     
   4.20999999999995        11441.8380654629        11010.7274394449     
   4.21999999999995        11459.4641672919        11027.6412850898     
   4.22999999999995        11476.8933709175        11044.3660126809     
   4.23999999999995        11494.1289383640        11060.9030069548     
   4.24999999999995        11511.1725450768        11077.2540457032     
   4.25999999999995        11528.0251825669        11093.4209407954     
   4.26999999999995        11544.6890631962        11109.4068259286     
   4.27999999999995        11561.1660299969        11125.2128816851     
   4.28999999999995        11577.4586448760        11140.8414770395     
   4.29999999999995        11593.5684452420        11156.2934444804     
   4.30999999999995        11609.4971678013        11171.5708344484     
   4.31999999999995        11625.2460988580        11186.6751532587     
   4.32999999999995        11640.8179722256        11201.6081342378     
   4.33999999999995        11656.2135291354        11216.3724799066     
   4.34999999999995        11671.4354531429        11230.9685124740     
   4.35999999999995        11686.4857378374        11245.3981214980     
   4.36999999999995        11701.3658045568        11259.6637882028     
   4.37999999999995        11716.0767502563        11273.7669269163     
   4.38999999999995        11730.6201482104        11287.7090186974     
   4.39999999999995        11744.9985190859        11301.4920580434     
   4.40999999999995        11759.2128912004        11315.1175832382     
   4.41999999999995        11773.2644659284        11328.5872676898     
   4.42999999999995        11787.1550690685        11341.9020481695     
   4.43999999999995        11800.8867320550        11355.0640218856     
   4.44999999999995        11814.4609859308        11368.0745624856     
   4.45999999999995        11827.8797232142        11380.9346776677     
   4.46999999999995        11841.1445043171        11393.6462346599     
   4.47999999999995        11854.2572952182        11406.2109410536     
   4.48999999999995        11867.2187401018        11418.6295381039     
   4.49999999999995        11880.0305156263        11430.9045432910     
   4.50999999999995        11892.6947886021        11443.0362874765     
   4.51999999999995        11905.2129138904        11455.0270387993     
   4.52999999999995        11917.5864709327        11466.8773425852     
   4.53999999999995        11929.8157521886        11478.5889434277     
   4.54999999999995        11941.9033649401        11490.1631334158     
   4.55999999999995        11953.8507918627        11501.6020544088     
   4.56999999999995        11965.6591413094        11512.9070106057     
   4.57999999999995        11977.3287324366        11524.0786833031     
   4.58999999999995        11988.8610773971        11535.1179459017     
   4.59999999999995        12000.2585932413        11546.0263627064     
   4.60999999999995        12011.5217822803        11556.8054635146     
   4.61999999999995        12022.6526989217        11567.4562131093     
   4.62999999999995        12033.6519979586        11577.9800293404     
   4.63999999999995        12044.5217737675        11588.3791458014     
   4.64999999999995        12055.2629547767        11598.6536611038     
   4.65999999999995        12065.8773914079        11608.8050596280     
   4.66999999999994        12076.3659847461        11618.8343824859     
   4.67999999999994        12086.7298846920        11628.7435689410     
   4.68999999999994        12096.9700722752        11638.5331326144     
   4.69999999999994        12107.0872108665        11648.2044567135     
   4.70999999999994        12117.0827831660        11657.7585763089     
   4.71999999999994        12126.9583004856        11667.1965685646     
   4.72999999999994        12136.7150977786        11676.5205404749     
   4.73999999999994        12146.3543967631        11685.7308160747     
   4.74999999999994        12155.8769689189        11694.8287885202     
   4.75999999999994        12165.2849950933        11703.8160800320     
   4.76999999999994        12174.5783961943        11712.6934782090     
   4.77999999999994        12183.7585770351        11721.4621258998     
   4.78999999999994        12192.8270369259        11730.1228858471     
   4.79999999999994        12201.7848628533        11738.6768042694     
   4.80999999999994        12210.6329052208        11747.1246433908     
   4.81999999999994        12219.3718932710        11755.4673583003     
   4.82999999999994        12228.0035953534        11763.7064848863     
   4.83999999999994        12236.5289133526        11771.8429096412     
   4.84999999999994        12244.9484472682        11779.8780813023     
   4.85999999999994        12253.2644797167        11787.8127806584     
   4.86999999999994        12261.4772401236        11795.6481710705     
   4.87999999999994        12269.5885623106        11803.3846278391     
   4.88999999999994        12277.5992764876        11811.0241212483     
   4.89999999999994        12285.5101161624        11818.5666315467     
   4.90999999999994        12293.3216180769        11826.0135435199     
   4.91999999999994        12301.0353279182        11833.3658044422     
   4.92999999999994        12308.6525863341        11840.6239203759     
   4.93999999999994        12316.1741682941        11847.7898634387     
   4.94999999999994        12323.6010935255        11854.8646043898     
   4.95999999999994        12330.9331640654        11861.8490196578     
   4.96999999999994        12338.1721439334        11868.7434137649     
   4.97999999999994        12345.3183682885        11875.5487513108     
   4.98999999999994        12352.3730304825        11882.2659521660     
   4.99999999999994        12359.3367941391        11888.8956110534     
