   2 0.4501077E+02
   3 0.4461409E+02
   1 0.4438417E+02
   3 0.4390601E+02
   1 0.4386924E+02
   2 0.4390173E+02
   3 0.4425661E+02
   2 0.4457890E+02
   1 0.4403409E+02
   3 0.4517665E+02
   2 0.4469527E+02
   2 0.4483853E+02
   1 0.4379830E+02
   3 0.4434016E+02
   2 0.4421657E+02
   1 0.4467237E+02
   3 0.4437428E+02
   2 0.4377462E+02
   1 0.4511549E+02
   3 0.4431818E+02
   1 0.4478295E+02
   2 0.4425472E+02
   3 0.4437367E+02
   1 0.4431142E+02
   2 0.4457703E+02
   1 0.4379415E+02
   1 0.4445838E+02
   3 0.4408686E+02
   2 0.4441480E+02
   1 0.4396076E+02
   3 0.4446537E+02
   3 0.4339974E+02
   2 0.4417184E+02
   1 0.4432105E+02
   3 0.4450807E+02
   2 0.4430384E+02
   1 0.4428907E+02
   3 0.4441689E+02
   2 0.4462537E+02
   2 0.4462036E+02
   1 0.4328016E+02
   2 0.4455460E+02
   3 0.4425606E+02
   3 0.4415103E+02
   1 0.4495815E+02
   1 0.4292734E+02
   2 0.4449997E+02
   3 0.4406806E+02
   1 0.4468071E+02
   2 0.4381430E+02
   3 0.4453407E+02
   1 0.4482761E+02
   3 0.4472758E+02
   2 0.4453361E+02
   1 0.4459325E+02
   3 0.4500859E+02
   1 0.4498839E+02
   3 0.4463320E+02
   2 0.4414265E+02
   1 0.4413771E+02
   3 0.4417515E+02
   2 0.4412177E+02
   2 0.4482204E+02
   2 0.4479287E+02
   3 0.4413155E+02
   1 0.4372486E+02
   2 0.4512570E+02
   3 0.3142371E+02
   1 0.4453462E+02
   2 0.4552977E+02
   3 0.4456697E+02
   1 0.4465704E+02
   2 0.4448212E+02
   3 0.4459420E+02
   1 0.4416503E+02
   2 0.4405855E+02
   3 0.4387885E+02
   1 0.4415500E+02
   2 0.4424802E+02
   1 0.4447145E+02
   1 0.4525359E+02
   3 0.4460771E+02
   2 0.4368355E+02
   2 0.4380739E+02
   1 0.4484143E+02
   1 0.3684027E+02
   1 0.3779444E+02
   3 0.4364726E+02
   1 0.2011651E+02
   2 0.4377545E+02
   3 0.4421929E+02
   1 0.4367671E+02
   1 0.4492525E+02
   2 0.4357525E+02
   2 0.4443300E+02
   3 0.4486633E+02
   1 0.4415878E+02
   2 0.4490653E+02
   2 0.4479842E+02
   3 0.4436677E+02
   2 0.1395221E+02
   1 0.4374995E+02
   1 0.4537013E+02
   1 0.2643612E+02
   3 0.4430672E+02
   2 0.4456150E+02
   3 0.4439981E+02
   3 0.2135689E+02
   3 0.4419363E+02
   1 0.4383831E+02
   2 0.4376467E+02
   2 0.4403183E+02
   2 0.4485209E+02
   3 0.4482978E+02
   1 0.4390990E+02
   2 0.4399068E+02
   3 0.4460623E+02
   2 0.4499537E+02
   1 0.4417369E+02
   3 0.4440292E+02
   2 0.4506941E+02
   1 0.4393774E+02
   1 0.4492153E+02
   1 0.4538823E+02
   3 0.4422279E+02
   2 0.4402111E+02
   1 0.4453755E+02
   3 0.4415547E+02
   1 0.4396229E+02
   2 0.4382070E+02
   1 0.4469913E+02
   2 0.4452412E+02
   3 0.4446231E+02
   2 0.4419790E+02
   1 0.4399735E+02
   3 0.4482297E+02
   2 0.4374733E+02
   1 0.4426920E+02
   3 0.4531149E+02
   2 0.4421901E+02
   1 0.4371048E+02
   3 0.4456962E+02
   2 0.4446634E+02
   3 0.4430118E+02
   1 0.4425238E+02
   2 0.4417671E+02
   3 0.4433647E+02
   1 0.4423349E+02
   2 0.4367917E+02
   2 0.4410823E+02
   2 0.4433584E+02
   3 0.4477905E+02
   1 0.4354965E+02
   1 0.4374095E+02
   1 0.4420079E+02
   2 0.4391594E+02
   3 0.4379237E+02
   1 0.4440869E+02
   2 0.4513460E+02
   3 0.4407382E+02
   2 0.4465815E+02
   3 0.4345933E+02
   1 0.4432745E+02
   2 0.4492745E+02
   3 0.4391919E+02
   1 0.4416627E+02
   2 0.4425996E+02
   3 0.4409560E+02
   3 0.4455398E+02
   1 0.4434773E+02
   2 0.4522797E+02
   3 0.4442948E+02
   1 0.4478555E+02
   2 0.4433135E+02
   1 0.4471824E+02
   3 0.4456727E+02
   2 0.4348486E+02
   1 0.4456245E+02
   2 0.4496441E+02
   1 0.4504779E+02
   3 0.4469354E+02
   2 0.4409510E+02
   3 0.4486339E+02
   3 0.4389922E+02
   1 0.4492834E+02
   2 0.4427036E+02
   3 0.4401791E+02
   1 0.4386711E+02
   2 0.4467587E+02
   2 0.4512143E+02
   3 0.4487862E+02
   1 0.4431919E+02
   2 0.4488044E+02
   3 0.4532718E+02
   1 0.4394235E+02
   2 0.4432419E+02
   3 0.4406326E+02
   1 0.4413549E+02
   2 0.4472939E+02
   3 0.4449931E+02
   1 0.4434404E+02
   2 0.4449711E+02
   3 0.4395430E+02
   1 0.4382224E+02
   2 0.4393164E+02
   3 0.4365803E+02
   1 0.4476049E+02
   3 0.4484239E+02
   2 0.4423948E+02
   2 0.4421482E+02
   1 0.4475579E+02
   2 0.3702142E+02
   3 0.4471105E+02
   3 0.4433415E+02
   1 0.4472404E+02
   3 0.2829063E+02
   2 0.4517040E+02
   2 0.4382387E+02
   2 0.4326152E+02
   1 0.4414221E+02
   3 0.4363959E+02
   1 0.4443218E+02
   2 0.4331853E+02
   3 0.4384064E+02
   1 0.3809357E+02
   2 0.4454862E+02
   3 0.4444798E+02
   1 0.4486411E+02
   3 0.4446982E+02
   1 0.4443497E+02
   2 0.4398499E+02
   3 0.4409403E+02
   1 0.4384144E+02
   2 0.4461851E+02
   3 0.4368865E+02
   1 0.4390085E+02
   2 0.4455506E+02
   3 0.4368989E+02
   1 0.4429264E+02
   2 0.4462716E+02
   3 0.4497321E+02
   1 0.4434529E+02
   2 0.4456757E+02
   3 0.4461998E+02
   1 0.4469843E+02
   3 0.4445871E+02
   2 0.4351967E+02
   3 0.4317186E+02
   1 0.4352210E+02
   2 0.4430692E+02
   3 0.4427218E+02
   1 0.4430976E+02
   1 0.2230217E+02
   2 0.4419777E+02
   3 0.4405535E+02
   1 0.4478099E+02
   2 0.4432810E+02
   3 0.4443000E+02
   1 0.4422741E+02
   2 0.4368819E+02
   3 0.4426573E+02
   3 0.4488730E+02
   3 0.4422382E+02
   1 0.4456698E+02
   2 0.4505492E+02
   3 0.4467734E+02
   1 0.4391808E+02
   2 0.4406871E+02
   3 0.4503868E+02
   1 0.4453567E+02
   2 0.4500658E+02
   3 0.4418223E+02
   1 0.4454606E+02
   3 0.4531519E+02
   2 0.4449821E+02
   1 0.4407428E+02
   1 0.4462658E+02
   2 0.4371729E+02
   2 0.4499765E+02
   3 0.4420199E+02
   1 0.4434199E+02
   2 0.4482084E+02
   3 0.4455204E+02
   1 0.4454386E+02
   2 0.4426255E+02
   1 0.4331197E+02
   2 0.4523538E+02
   3 0.4457272E+02
   1 0.4429140E+02
   1 0.4532869E+02
   1 0.4430714E+02
   2 0.4509805E+02
   3 0.4382333E+02
   1 0.4404489E+02
   2 0.4394527E+02
   3 0.4400334E+02
   1 0.4377695E+02
   2 0.4421866E+02
   1 0.4439112E+02
   3 0.4365386E+02
   2 0.4412478E+02
   1 0.4336817E+02
   3 0.4469406E+02
   2 0.4396941E+02
   3 0.4553549E+02
   1 0.4406917E+02
   2 0.4460200E+02
   1 0.4411679E+02
   3 0.4404920E+02
   2 0.4464803E+02
   3 0.4410751E+02
   1 0.4508402E+02
   2 0.4380664E+02
   3 0.4398415E+02
   1 0.4495878E+02
   2 0.4456360E+02
   1 0.4403397E+02
   3 0.4429575E+02
   2 0.4431064E+02
   1 0.4533321E+02
   1 0.4509781E+02
   3 0.4398475E+02
   2 0.4436756E+02
   1 0.4364706E+02
   3 0.4415202E+02
   2 0.4401892E+02
   3 0.4568999E+02
   1 0.4350693E+02
   1 0.4368712E+02
   2 0.4408813E+02
   3 0.4333418E+02
   3 0.4404841E+02
   1 0.4458133E+02
   2 0.4415032E+02
   3 0.4381855E+02
   1 0.4435880E+02
   3 0.4387218E+02
   2 0.4429488E+02
   2 0.4566293E+02
   2 0.3540748E+02
   1 0.4406004E+02
   3 0.4490893E+02
   3 0.2924789E+02
   2 0.4389637E+02
   1 0.4453064E+02
   3 0.4438533E+02
   1 0.4469637E+02
   2 0.4346747E+02
   3 0.4490694E+02
   2 0.4477121E+02
   2 0.4470118E+02
   2 0.4427016E+02
   1 0.4457518E+02
   3 0.4443563E+02
   1 0.4390142E+02
   2 0.4445544E+02
   3 0.4450656E+02
   1 0.4447593E+02
   2 0.4474753E+02
   3 0.4370881E+02
   2 0.4422825E+02
   1 0.4404324E+02
   3 0.4467879E+02
   2 0.4480745E+02
   1 0.4399902E+02
   1 0.4503427E+02
   3 0.4431366E+02
   2 0.4493959E+02
   1 0.4509295E+02
   3 0.4451184E+02
   2 0.4434335E+02
   3 0.4530985E+02
   1 0.4441121E+02
   2 0.4390755E+02
   3 0.4432267E+02
   1 0.4495795E+02
   2 0.4411299E+02
   1 0.4530912E+02
   1 0.4470649E+02
   3 0.4405669E+02
   3 0.4543186E+02
   2 0.4376275E+02
   1 0.4419773E+02
   1 0.4462282E+02
   2 0.4459381E+02
   3 0.4398785E+02
   2 0.4337516E+02
   1 0.4497868E+02
   2 0.4409588E+02
   3 0.4391747E+02
   3 0.2815025E+02
   1 0.4534660E+02
   2 0.4433185E+02
   3 0.4420041E+02
   1 0.4372995E+02
   2 0.4338633E+02
   3 0.4412188E+02
   2 0.4347971E+02
   2 0.4436265E+02
   1 0.4460009E+02
   3 0.4476801E+02
   2 0.4449624E+02
   1 0.4453236E+02
   3 0.4413871E+02
   2 0.4420527E+02
   1 0.4495098E+02
   3 0.4519845E+02
   2 0.4441856E+02
   1 0.4339489E+02
   1 0.2032971E+02
   3 0.4463427E+02
   3 0.4453899E+02
   2 0.4397177E+02
   3 0.4492884E+02
   2 0.4381882E+02
   1 0.4470783E+02
   3 0.4423595E+02
   2 0.4513644E+02
   3 0.4548911E+02
   1 0.4396249E+02
   3 0.4398217E+02
   2 0.4423983E+02
   1 0.4378394E+02
   2 0.4465103E+02
   3 0.4454983E+02
   1 0.4388540E+02
   2 0.4427433E+02
   2 0.4435189E+02
   3 0.4441094E+02
   1 0.4409346E+02
   2 0.4417939E+02
   2 0.4371550E+02
   3 0.4441710E+02
   1 0.4467672E+02
   2 0.4409145E+02
   3 0.4473056E+02
   1 0.4490686E+02
   3 0.4579305E+02
   1 0.4454700E+02
   1 0.4354615E+02
   2 0.4420651E+02
   1 0.4477312E+02
   3 0.4442005E+02
   2 0.4444767E+02
   1 0.4363169E+02
   3 0.4428281E+02
   2 0.4372206E+02
   1 0.4458463E+02
   3 0.4437094E+02
   2 0.4449501E+02
   1 0.4364871E+02
   1 0.4548020E+02
   3 0.4456607E+02
   3 0.4481798E+02
   2 0.4446578E+02
   2 0.4348532E+02
   1 0.4353701E+02
   1 0.4508369E+02
   3 0.4467688E+02
   1 0.4533146E+02
   2 0.4419932E+02
   3 0.4469890E+02
   1 0.4412916E+02
   3 0.3269406E+02
   2 0.4416135E+02
   3 0.4371533E+02
   1 0.4488854E+02
   3 0.4415344E+02
   2 0.4398637E+02
   1 0.4450275E+02
   2 0.4405865E+02
   3 0.4460661E+02
   1 0.4510304E+02
   2 0.4429883E+02
   3 0.4442963E+02
   3 0.4412843E+02
   1 0.4361757E+02
   2 0.4448866E+02
   3 0.4438194E+02
   1 0.4463100E+02
   1 0.4471434E+02
   2 0.4428012E+02
   3 0.4474385E+02
   1 0.4371086E+02
   2 0.4413648E+02
   1 0.4477502E+02
   3 0.4425778E+02
   1 0.4470600E+02
   2 0.4353688E+02
   1 0.4484458E+02
   3 0.4388130E+02
   3 0.4388323E+02
   2 0.4411824E+02
   2 0.4477749E+02
   1 0.4444731E+02
   3 0.4445105E+02
   3 0.4143388E+02
   2 0.4411017E+02
   3 0.2696799E+02
   1 0.4444069E+02
   2 0.4429632E+02
   3 0.4492497E+02
   1 0.4403579E+02
   2 0.4391436E+02
   3 0.4484405E+02
   1 0.4363075E+02
   2 0.4443970E+02
   3 0.4427331E+02
   1 0.4455575E+02
   3 0.4403929E+02
   2 0.4407727E+02
   1 0.4447689E+02
   1 0.1432942E+02
   3 0.4484874E+02
   3 0.4519898E+02
   2 0.4401646E+02
   1 0.4362117E+02
   1 0.4453872E+02
   3 0.4412880E+02
   2 0.4375455E+02
   2 0.4413563E+02
   2 0.4563081E+02
   1 0.4445907E+02
   3 0.4409797E+02
   3 0.4465607E+02
   2 0.4434277E+02
   1 0.4389474E+02
   3 0.4459400E+02
   2 0.4398591E+02
   1 0.4404724E+02
   3 0.4456943E+02
   2 0.4483789E+02
   1 0.4494273E+02
   3 0.4409770E+02
   2 0.4494363E+02
   1 0.4412607E+02
   3 0.4421730E+02
   2 0.4452629E+02
   1 0.4469858E+02
   3 0.4404978E+02
   2 0.4456658E+02
   1 0.4515056E+02
   3 0.4435915E+02
   3 0.4374639E+02
   1 0.4372730E+02
   2 0.4423464E+02
   3 0.4399063E+02
   1 0.4370190E+02
   2 0.4500750E+02
   1 0.4467053E+02
   3 0.4378030E+02
   2 0.4377472E+02
   2 0.4459205E+02
   3 0.4336247E+02
   1 0.4463956E+02
   2 0.4455612E+02
   3 0.4405650E+02
   1 0.4424634E+02
   1 0.4488134E+02
   2 0.4412705E+02
   2 0.4431266E+02
   3 0.4462191E+02
   1 0.4337811E+02
   2 0.4445015E+02
   2 0.3804101E+02
   3 0.4442343E+02
   2 0.4520454E+02
   3 0.4367752E+02
   1 0.4385219E+02
   3 0.4349951E+02
   2 0.4447900E+02
   1 0.4503364E+02
   3 0.4439772E+02
   1 0.4395068E+02
   2 0.4425201E+02
   2 0.4452040E+02
   3 0.4511266E+02
   1 0.4463814E+02
   2 0.4424351E+02
   3 0.4431835E+02
   1 0.4410502E+02
   3 0.4452654E+02
   1 0.4365469E+02
   2 0.4460491E+02
   3 0.4387058E+02
   1 0.4453378E+02
   2 0.4436636E+02
   3 0.4452474E+02
   1 0.4448126E+02
   3 0.4200586E+02
   1 0.4520061E+02
   2 0.4477774E+02
   3 0.4386347E+02
   1 0.4421671E+02
   2 0.4486377E+02
   3 0.4400671E+02
   1 0.4443153E+02
   2 0.4387272E+02
   2 0.4487328E+02
   3 0.4372947E+02
   1 0.4478073E+02
   1 0.4461755E+02
   2 0.4440685E+02
   1 0.4547802E+02
   3 0.4430697E+02
   3 0.4354306E+02
   2 0.4406847E+02
   1 0.4434366E+02
   2 0.4463336E+02
   3 0.4376982E+02
   1 0.4476504E+02
   2 0.4453288E+02
   3 0.4470606E+02
   1 0.4399808E+02
   2 0.4465324E+02
   3 0.4425682E+02
   1 0.4432082E+02
   2 0.4459565E+02
   3 0.4450997E+02
   1 0.4477392E+02
   2 0.4363058E+02
   3 0.4454137E+02
   1 0.4469474E+02
   2 0.4422422E+02
   2 0.3301348E+02
   2 0.4450362E+02
   3 0.4442951E+02
   1 0.4522779E+02
   2 0.4473822E+02
   3 0.4419519E+02
   1 0.4391622E+02
   2 0.4496481E+02
   3 0.4427539E+02
   1 0.4469401E+02
   3 0.4431843E+02
   1 0.4419100E+02
   3 0.4458479E+02
   1 0.4512153E+02
   2 0.4419574E+02
   3 0.4334074E+02
   2 0.4441596E+02
   3 0.4407396E+02
   1 0.4359879E+02
   2 0.4422312E+02
   3 0.4475304E+02
   1 0.4480241E+02
   3 0.4469718E+02
   1 0.4434710E+02
   2 0.4436235E+02
   3 0.4375563E+02
   1 0.4432327E+02
   2 0.4406786E+02
   3 0.4419209E+02
   1 0.4462100E+02
   2 0.4399742E+02
   3 0.4539339E+02
   1 0.4509914E+02
   2 0.4494005E+02
   3 0.4430990E+02
   3 0.4379020E+02
   1 0.4402215E+02
   2 0.4500476E+02
   3 0.4394196E+02
   1 0.4401200E+02
   2 0.4504679E+02
   1 0.4491896E+02
   2 0.4479872E+02
   2 0.4341013E+02
   3 0.4380772E+02
   1 0.4368287E+02
   1 0.4478588E+02
   2 0.4414917E+02
   3 0.4387830E+02
   3 0.4493926E+02
   1 0.4399269E+02
   2 0.4353729E+02
   3 0.4483511E+02
   1 0.4371406E+02
   2 0.4463211E+02
   3 0.4373895E+02
   1 0.4389350E+02
   2 0.4400851E+02
   3 0.4428459E+02
   1 0.4423556E+02
   2 0.4436524E+02
   3 0.4409244E+02
   1 0.4481584E+02
   2 0.4445545E+02
   1 0.4424567E+02
   1 0.4281499E+02
   3 0.4454852E+02
   2 0.4450125E+02
   1 0.4378775E+02
   3 0.4421976E+02
   1 0.4342546E+02
   2 0.4471921E+02
   3 0.4394732E+02
   1 0.4408066E+02
   2 0.4394706E+02
   3 0.4360415E+02
   3 0.4525223E+02
   1 0.4456249E+02
   2 0.4498679E+02
   2 0.4311842E+02
   3 0.4381432E+02
   1 0.4414366E+02
   2 0.4459096E+02
   3 0.4414460E+02
   1 0.4455101E+02
   2 0.4492821E+02
   3 0.4405241E+02
   1 0.4430021E+02
   2 0.4425262E+02
   2 0.4496305E+02
   2 0.4438362E+02
   3 0.4384725E+02
   1 0.4396755E+02
   2 0.4489878E+02
   3 0.4389732E+02
   2 0.4403499E+02
   1 0.4383678E+02
   3 0.4463639E+02
   2 0.4368832E+02
   2 0.4428283E+02
   2 0.4474063E+02
   1 0.4513161E+02
   2 0.4508441E+02
   3 0.4427199E+02
   2 0.4444916E+02
   1 0.4408809E+02
   3 0.4436712E+02
   2 0.4363126E+02
   1 0.4408382E+02
   3 0.4397218E+02
   2 0.4400281E+02
   1 0.4433045E+02
   3 0.4483230E+02
   2 0.4427102E+02
   2 0.4433097E+02
   1 0.4374316E+02
   3 0.4420798E+02
   2 0.4463463E+02
   1 0.4487270E+02
   3 0.4483302E+02
   2 0.4387530E+02
   1 0.4423440E+02
   3 0.4387537E+02
   2 0.4376838E+02
   1 0.4434932E+02
   3 0.4449945E+02
   2 0.4427666E+02
   1 0.4456804E+02
   3 0.4439304E+02
   2 0.4400372E+02
   1 0.4490110E+02
   1 0.4522639E+02
   3 0.4492054E+02
   3 0.4072304E+02
   2 0.4399785E+02
   3 0.4455875E+02
   1 0.4498131E+02
   2 0.4385495E+02
   3 0.4412177E+02
   3 0.4485655E+02
   1 0.4454359E+02
   3 0.4381716E+02
   2 0.4364856E+02
   1 0.4447616E+02
   3 0.4463440E+02
   1 0.4479266E+02
   3 0.4392108E+02
   2 0.4436118E+02
   1 0.4420619E+02
   3 0.4434030E+02
   2 0.4532520E+02
   1 0.4472852E+02
   3 0.4399238E+02
   2 0.4390141E+02
   3 0.4501712E+02
   2 0.4471438E+02
   1 0.4454281E+02
   3 0.4463573E+02
   1 0.4469268E+02
   1 0.4426204E+02
   2 0.4412099E+02
   1 0.4463727E+02
   3 0.4408983E+02
   1 0.4410552E+02
   2 0.4373588E+02
   2 0.4183830E+02
   3 0.4443786E+02
   1 0.4396157E+02
   3 0.3628064E+02
   2 0.4363101E+02
   3 0.4478971E+02
   3 0.4461459E+02
   1 0.4476189E+02
   2 0.4445935E+02
   1 0.9758594E+01
   3 0.4443307E+02
   1 0.4391669E+02
   2 0.4427857E+02
   2 0.4424311E+02
   3 0.4379422E+02
   3 0.4468362E+02
   1 0.4437703E+02
   2 0.4416363E+02
   3 0.4404008E+02
   1 0.4433091E+02
   2 0.4350388E+02
   3 0.4396734E+02
   3 0.4531361E+02
   1 0.4499498E+02
   2 0.4447593E+02
   3 0.4445145E+02
   1 0.4379927E+02
   1 0.4379285E+02
   2 0.4455582E+02
   3 0.4358885E+02
   1 0.4439720E+02
   2 0.4536540E+02
   3 0.4406614E+02
   3 0.4457385E+02
   1 0.4505701E+02
   2 0.4458554E+02
   3 0.4406478E+02
   1 0.4442904E+02
   2 0.4454890E+02
   3 0.4440423E+02
   1 0.4487554E+02
   2 0.4486414E+02
   3 0.4469123E+02
   1 0.4449042E+02
   2 0.4473268E+02
   2 0.4496173E+02
   3 0.4436847E+02
   2 0.4457331E+02
   1 0.4464031E+02
   3 0.4493696E+02
   2 0.4449569E+02
   1 0.4451260E+02
   3 0.4487707E+02
   2 0.4435692E+02
   1 0.4419512E+02
   3 0.4487049E+02
   2 0.4390682E+02
   1 0.4442791E+02
   3 0.4341694E+02
   2 0.4469138E+02
   3 0.4438022E+02
   1 0.4514480E+02
   2 0.4410715E+02
   1 0.4428037E+02
   3 0.4444585E+02
   2 0.4360686E+02
   1 0.4409048E+02
   3 0.4408282E+02
   2 0.4368134E+02
   3 0.4430220E+02
   1 0.4466065E+02
   3 0.4031399E+02
   2 0.4423795E+02
   1 0.4419181E+02
   1 0.1741133E+02
   3 0.4451973E+02
   2 0.4409476E+02
   3 0.4452377E+02
   1 0.4401993E+02
   2 0.4464017E+02
   2 0.4448696E+02
   3 0.4454429E+02
   1 0.4338834E+02
   2 0.4366332E+02
   3 0.4430341E+02
   1 0.4378959E+02
   2 0.4386151E+02
   3 0.4382489E+02
   1 0.4387666E+02
   2 0.4481389E+02
   3 0.4471219E+02
   1 0.4407166E+02
   2 0.4423083E+02
   3 0.4439605E+02
   1 0.4489193E+02
   2 0.4385677E+02
   1 0.4541186E+02
   3 0.4497760E+02
   2 0.4382864E+02
   1 0.4380353E+02
   2 0.4463429E+02
   3 0.4366433E+02
   1 0.4416691E+02
   2 0.4433460E+02
   3 0.4343581E+02
   1 0.4503578E+02
   2 0.4506290E+02
   3 0.4504405E+02
   2 0.4363593E+02
   1 0.4496454E+02
   3 0.4366797E+02
   2 0.4400794E+02
   1 0.4378093E+02
   3 0.4453025E+02
   2 0.4414607E+02
   2 0.4454539E+02
   1 0.4460552E+02
   3 0.4416705E+02
   2 0.4397483E+02
   1 0.4372795E+02
   1 0.4214675E+02
   3 0.4475124E+02
   2 0.4459273E+02
   1 0.4433799E+02
   3 0.4506728E+02
   2 0.4437473E+02
   2 0.4475308E+02
   1 0.4451193E+02
   3 0.4432027E+02
   1 0.4503087E+02
   2 0.4450607E+02
   3 0.4450374E+02
   2 0.4413100E+02
   1 0.4480896E+02
   3 0.4428554E+02
   2 0.4422270E+02
   3 0.4098846E+02
   1 0.4343000E+02
   2 0.4372877E+02
   3 0.4442656E+02
   1 0.4348365E+02
   1 0.2713038E+02
   2 0.4431874E+02
   3 0.4445152E+02
   1 0.4384229E+02
   2 0.4405447E+02
   1 0.4405258E+02
   3 0.4407279E+02
   2 0.4482297E+02
   1 0.4390312E+02
   3 0.4431316E+02
   2 0.4488182E+02
   2 0.4488127E+02
   1 0.4488680E+02
   1 0.4506975E+02
   3 0.4457425E+02
   3 0.2450225E+02
   2 0.4532296E+02
   1 0.4353152E+02
   3 0.4410700E+02
   2 0.4371905E+02
   1 0.4491672E+02
   2 0.4454648E+02
   3 0.4430807E+02
   1 0.4363639E+02
   2 0.4367123E+02
   1 0.4337506E+02
   3 0.4413227E+02
   2 0.4426818E+02
   1 0.4426067E+02
   3 0.4424561E+02
   3 0.1216358E+02
   2 0.4441635E+02
   1 0.4393376E+02
   3 0.4425075E+02
   2 0.4398819E+02
   1 0.4433647E+02
   3 0.4426615E+02
   2 0.4524842E+02
   1 0.4466327E+02
   1 0.4451599E+02
   3 0.4399266E+02
   2 0.4431477E+02
   2 0.4487979E+02
   1 0.4408408E+02
   3 0.4448748E+02
   1 0.4578580E+02
   2 0.4430666E+02
   3 0.4487439E+02
   1 0.4565291E+02
   2 0.4380492E+02
   3 0.4508721E+02
   1 0.4439174E+02
   3 0.4487575E+02
   1 0.4541792E+02
   2 0.4411149E+02
   2 0.4377912E+02
   3 0.4439658E+02
   1 0.4344689E+02
   2 0.4504630E+02
   3 0.4446135E+02
   1 0.4442286E+02
   2 0.4462934E+02
   3 0.4463012E+02
   1 0.4415695E+02
   3 0.4446772E+02
   1 0.4464730E+02
   2 0.4410901E+02
   3 0.4481375E+02
   1 0.4486668E+02
   3 0.4399663E+02
   2 0.4391112E+02
   1 0.4412924E+02
   3 0.4457481E+02
   2 0.4408102E+02
   2 0.4388911E+02
   1 0.4374928E+02
   3 0.4490603E+02
   3 0.4410024E+02
   2 0.4427203E+02
   3 0.4464663E+02
   1 0.4429394E+02
   2 0.4444460E+02
   3 0.4510981E+02
   1 0.4375796E+02
   1 0.4516532E+02
   1 0.4510988E+02
   2 0.4469416E+02
   3 0.4389993E+02
   3 0.4437542E+02
   1 0.4488939E+02
   2 0.4552631E+02
   1 0.4506223E+02
   3 0.4369635E+02
   1 0.4470768E+02
   2 0.4412239E+02
   3 0.4422136E+02
   1 0.4496122E+02
   2 0.4387155E+02
   3 0.4484106E+02
   3 0.4458231E+02
   1 0.4404166E+02
   2 0.4467867E+02
   3 0.4344979E+02
   1 0.4382504E+02
   3 0.4399800E+02
   2 0.4386109E+02
   1 0.4451909E+02
   2 0.3589215E+02
   3 0.4444915E+02
   1 0.4451992E+02
   2 0.4427211E+02
   3 0.4481928E+02
   1 0.4467390E+02
   2 0.4467078E+02
   1 0.4554202E+02
   3 0.4484187E+02
   2 0.4336804E+02
   2 0.3374258E+02
   1 0.4361673E+02
   1 0.4417082E+02
   3 0.4415652E+02
   2 0.4508142E+02
   1 0.4409932E+02
   1 0.2082942E+02
   3 0.4392988E+02
   2 0.4424691E+02
   1 0.4447761E+02
   3 0.4483670E+02
   2 0.4465294E+02
   2 0.4408971E+02
   3 0.4430363E+02
   1 0.4455694E+02
   3 0.4419569E+02
   3 0.4439436E+02
   2 0.4525273E+02
   3 0.4394273E+02
   1 0.4485414E+02
   2 0.4435705E+02
   3 0.4442848E+02
   1 0.4451716E+02
   3 0.4441210E+02
   2 0.4379063E+02
   1 0.4458678E+02
   3 0.4498659E+02
   2 0.4435012E+02
   3 0.4477132E+02
   1 0.4413333E+02
   1 0.4375377E+02
   2 0.4517222E+02
   3 0.4426067E+02
   3 0.4487334E+02
   1 0.4395998E+02
   2 0.4451290E+02
   3 0.4422229E+02
   1 0.4477715E+02
   2 0.4459559E+02
   2 0.4547914E+02
   3 0.4362756E+02
   1 0.4414965E+02
   3 0.4471885E+02
   2 0.4430622E+02
   3 0.4461604E+02
   2 0.4499217E+02
   2 0.4486079E+02
   1 0.4338407E+02
   1 0.4504089E+02
   3 0.4427236E+02
   1 0.4318653E+02
   3 0.4437640E+02
   2 0.4431120E+02
   1 0.4503202E+02
   3 0.4419303E+02
   2 0.4473810E+02
   2 0.3835368E+02
   1 0.4487729E+02
   3 0.4435020E+02
   2 0.4457311E+02
   3 0.4518307E+02
   1 0.4484175E+02
   3 0.4409691E+02
   2 0.4438556E+02
   1 0.4387793E+02
   3 0.4413654E+02
   2 0.4457704E+02
   1 0.4438640E+02
   3 0.4437654E+02
   2 0.4475686E+02
   2 0.4402364E+02
   2 0.4463465E+02
   1 0.4421781E+02
   3 0.4509038E+02
   3 0.3920473E+02
   2 0.4476903E+02
   1 0.4416108E+02
   3 0.4454535E+02
   2 0.4448819E+02
   1 0.4399687E+02
   2 0.4437395E+02
   3 0.4394849E+02
   1 0.4424068E+02
   2 0.4449113E+02
   3 0.4440767E+02
   3 0.4391711E+02
   1 0.4422405E+02
   2 0.4425398E+02
   3 0.4416492E+02
   2 0.3714372E+02
   1 0.4423856E+02
   3 0.4483868E+02
   2 0.4410566E+02
   1 0.4502874E+02
   3 0.4441141E+02
   2 0.4384011E+02
   1 0.4414816E+02
   1 0.4479510E+02
   3 0.4480160E+02
   2 0.4476684E+02
   3 0.4397933E+02
   3 0.3859232E+02
   1 0.4403820E+02
   2 0.4396288E+02
   3 0.4414550E+02
   1 0.4403572E+02
   1 0.3322763E+02
   3 0.4363562E+02
   2 0.4381958E+02
   3 0.4377924E+02
   3 0.4480172E+02
   1 0.4464552E+02
   2 0.4395952E+02
   3 0.4357111E+02
   1 0.4470667E+02
   3 0.1248649E+02
   3 0.4492820E+02
   2 0.4482657E+02
   1 0.4504845E+02
   3 0.4367981E+02
   2 0.4438221E+02
   3 0.4458107E+02
   1 0.4394863E+02
   2 0.4482705E+02
   3 0.4412548E+02
   1 0.4427369E+02
   2 0.4406122E+02
   2 0.4488915E+02
   3 0.4364820E+02
   1 0.4453827E+02
   2 0.4452061E+02
   3 0.4472076E+02
   1 0.4436451E+02
   2 0.4399389E+02
   3 0.4430420E+02
   2 0.4478474E+02
   1 0.4412797E+02
   3 0.4505817E+02
   1 0.4441765E+02
   2 0.4325594E+02
   2 0.4327980E+02
   3 0.4418595E+02
   1 0.4370634E+02
   1 0.4449551E+02
   2 0.4574461E+02
   3 0.4428345E+02
   2 0.4584584E+02
   1 0.4442756E+02
   3 0.4481204E+02
   2 0.4480446E+02
   1 0.4386099E+02
   3 0.4472816E+02
   3 0.4368564E+02
   3 0.4533399E+02
   2 0.4449740E+02
   1 0.4442765E+02
   3 0.4429833E+02
   1 0.4469197E+02
   2 0.4417178E+02
   1 0.4482734E+02
   2 0.4527993E+02
   2 0.4461421E+02
   3 0.4446930E+02
   1 0.4401233E+02
   2 0.4486639E+02
   3 0.4414684E+02
   1 0.4411582E+02
   2 0.4422607E+02
   3 0.4471727E+02
   1 0.4439077E+02
   1 0.4519299E+02
   3 0.4422429E+02
   2 0.4403349E+02
   2 0.4383687E+02
   2 0.4254999E+02
   1 0.4487339E+02
   3 0.4391451E+02
   1 0.4430205E+02
   2 0.4515960E+02
   2 0.4466927E+02
   3 0.4407066E+02
   1 0.4448027E+02
   2 0.4442490E+02
   1 0.4429515E+02
   3 0.4304769E+02
   2 0.4426686E+02
   3 0.4448075E+02
   1 0.4471583E+02
   2 0.4461984E+02
   3 0.4473046E+02
   3 0.4472925E+02
   1 0.4431507E+02
   2 0.4476379E+02
   3 0.4420516E+02
   3 0.4343785E+02
   1 0.4444870E+02
   2 0.4420712E+02
   2 0.4452323E+02
   2 0.4442375E+02
   3 0.4409787E+02
   1 0.4410764E+02
   2 0.4443675E+02
   3 0.4445496E+02
   2 0.4507480E+02
   3 0.4492025E+02
   1 0.4427087E+02
   2 0.4402014E+02
   3 0.4411654E+02
   1 0.4461652E+02
   2 0.4482106E+02
   3 0.4346940E+02
   2 0.4400538E+02
   1 0.4453449E+02
   3 0.4468628E+02
   2 0.4470163E+02
   1 0.4411625E+02
   3 0.4462781E+02
   2 0.4501064E+02
   1 0.4429989E+02
   3 0.4411118E+02
   2 0.4414726E+02
   2 0.4355724E+02
   1 0.4453906E+02
   3 0.4386705E+02
   2 0.4483521E+02
   1 0.4350828E+02
   3 0.4405163E+02
   2 0.4418401E+02
   1 0.4450371E+02
   3 0.4399577E+02
   3 0.4240110E+02
   2 0.4480077E+02
   1 0.4390182E+02
   3 0.4531578E+02
   2 0.4404808E+02
   1 0.4448176E+02
   3 0.4436306E+02
   2 0.4426328E+02
   1 0.4481691E+02
   1 0.4423029E+02
   3 0.4361176E+02
   1 0.3107196E+02
   2 0.4441094E+02
   3 0.4444093E+02
   1 0.4479470E+02
   3 0.4545275E+02
   2 0.4417433E+02
   3 0.4471345E+02
   1 0.4399447E+02
   2 0.4392400E+02
   3 0.4411419E+02
   1 0.4370112E+02
   2 0.4437328E+02
   3 0.4433647E+02
   1 0.4408505E+02
   2 0.4476355E+02
   3 0.4362221E+02
   1 0.4407334E+02
   3 0.4414815E+02
   2 0.4362983E+02
   1 0.4429256E+02
   3 0.4404070E+02
   2 0.4462164E+02
   1 0.4409295E+02
   1 0.4535917E+02
   3 0.4397360E+02
   2 0.4486059E+02
   1 0.4387836E+02
   1 0.4185463E+02
   3 0.4414217E+02
   2 0.4460275E+02
   3 0.4487676E+02
   3 0.4540862E+02
   1 0.4477866E+02
   3 0.4457169E+02
   2 0.4389496E+02
   2 0.4505475E+02
   1 0.4420683E+02
   3 0.4389491E+02
   3 0.4349882E+02
   2 0.4477552E+02
   1 0.4444361E+02
   3 0.4443932E+02
   2 0.4376125E+02
   1 0.4446487E+02
   2 0.4462160E+02
   3 0.4420500E+02
   1 0.4398550E+02
   2 0.4381708E+02
   3 0.4466439E+02
   1 0.4470087E+02
   2 0.4380470E+02
   3 0.4368049E+02
   1 0.4423521E+02
   2 0.4436757E+02
   3 0.4425712E+02
   3 0.4369107E+02
   2 0.4450275E+02
   1 0.4381859E+02
   1 0.4418378E+02
   3 0.4487514E+02
   2 0.4461141E+02
   1 0.4431945E+02
   3 0.4430908E+02
   2 0.4375140E+02
   1 0.4406648E+02
   3 0.4362113E+02
   2 0.4435821E+02
   1 0.4415962E+02
   2 0.4358061E+02
   2 0.4546251E+02
   3 0.4434655E+02
   3 0.4399238E+02
   1 0.4398348E+02
   1 0.4457217E+02
   2 0.4451133E+02
   3 0.4400606E+02
   3 0.4340553E+02
   1 0.4446223E+02
   3 0.4464486E+02
   2 0.4525687E+02
   2 0.4434013E+02
   1 0.4393645E+02
   3 0.4403964E+02
   2 0.4366554E+02
   2 0.4384765E+02
   1 0.4438342E+02
   3 0.4451095E+02
   2 0.4426718E+02
   1 0.4471027E+02
   3 0.4500123E+02
   1 0.4523626E+02
   2 0.4467474E+02
   3 0.4495728E+02
   1 0.4398395E+02
   2 0.4401377E+02
   3 0.4462714E+02
   1 0.4497856E+02
   2 0.4439891E+02
   3 0.4437374E+02
   1 0.4368751E+02
   3 0.4473183E+02
   1 0.3482995E+02
   2 0.4437294E+02
   3 0.4470379E+02
   1 0.4472689E+02
   2 0.4430627E+02
   1 0.4476267E+02
   3 0.4431769E+02
   2 0.4401323E+02
   2 0.4506553E+02
   1 0.4494752E+02
   3 0.4450893E+02
   1 0.4348022E+02
   1 0.3721513E+02
   2 0.4487625E+02
   3 0.4439928E+02
   1 0.4381381E+02
   2 0.4403447E+02
   3 0.4476487E+02
   2 0.4474470E+02
   1 0.4430020E+02
   3 0.4392900E+02
   2 0.4453566E+02
   1 0.4449438E+02
   3 0.4361747E+02
   2 0.4452802E+02
   1 0.4419791E+02
   3 0.4411905E+02
   2 0.4436825E+02
   1 0.4417077E+02
   3 0.4408190E+02
   2 0.4388517E+02
   1 0.4414489E+02
   3 0.4503882E+02
   2 0.4403753E+02
   2 0.4588337E+02
   1 0.4394542E+02
   2 0.4459194E+02
   3 0.4413885E+02
   1 0.4419953E+02
   2 0.4456105E+02
   2 0.4374719E+02
   3 0.4457708E+02
   1 0.4500259E+02
   3 0.4373493E+02
   1 0.4533414E+02
   2 0.4436394E+02
   3 0.4440850E+02
   1 0.4391835E+02
   2 0.4447402E+02
   1 0.4394106E+02
   3 0.4504683E+02
   3 0.4491141E+02
   1 0.4402468E+02
   2 0.4477365E+02
   3 0.4366379E+02
   1 0.4343511E+02
   2 0.4433718E+02
   3 0.4546237E+02
   1 0.4418779E+02
   2 0.4419036E+02
   3 0.4429107E+02
   2 0.4512333E+02
   1 0.4401283E+02
   3 0.4363078E+02
   2 0.4379028E+02
   2 0.4516738E+02
   1 0.4425202E+02
   3 0.4472870E+02
   2 0.4453144E+02
   1 0.4434909E+02
   3 0.4430703E+02
   3 0.4389229E+02
   2 0.4377512E+02
   1 0.4379068E+02
   3 0.4490546E+02
   2 0.4393556E+02
   1 0.4410422E+02
   3 0.4440647E+02
   3 0.4305368E+02
   2 0.4462193E+02
   3 0.4429829E+02
   1 0.4433103E+02
   2 0.4386200E+02
   3 0.4468357E+02
   1 0.4363458E+02
   2 0.4366911E+02
   3 0.4464064E+02
   1 0.4443004E+02
   3 0.4391257E+02
   3 0.4442677E+02
   2 0.4384302E+02
   1 0.4401045E+02
   3 0.4404102E+02
   2 0.4375907E+02
   1 0.4416573E+02
   1 0.3677900E+02
   3 0.4410756E+02
   2 0.4410281E+02
   2 0.4359199E+02
   1 0.4433241E+02
   3 0.4379967E+02
   2 0.4450325E+02
   1 0.4493530E+02
   3 0.4363807E+02
   2 0.4381183E+02
   1 0.4421248E+02
   3 0.4391350E+02
   2 0.4436677E+02
   1 0.4499214E+02
   2 0.4494929E+02
   3 0.4454701E+02
