   1 0.2078300E+02
   2 0.6318123E+02
   2 0.6322713E+02
   3 0.6189404E+02
   1 0.6289164E+02
   2 0.6306308E+02
   3 0.6335016E+02
   1 0.6264900E+02
   3 0.6186184E+02
   2 0.6237437E+02
   1 0.6285200E+02
   2 0.6312560E+02
   3 0.6320608E+02
   1 0.6310903E+02
   2 0.6306331E+02
   3 0.6248389E+02
   2 0.6329507E+02
   3 0.6232667E+02
   1 0.6352983E+02
   1 0.6280157E+02
   2 0.6260116E+02
   3 0.6269988E+02
   1 0.6244308E+02
   2 0.6302314E+02
   1 0.5611608E+02
   1 0.6294111E+02
   1 0.6308512E+02
   3 0.6310841E+02
   2 0.6243959E+02
   2 0.6274723E+02
   1 0.6311571E+02
   2 0.6246545E+02
   3 0.6302222E+02
   3 0.6243813E+02
   1 0.6245424E+02
   2 0.6309964E+02
   2 0.6356459E+02
   3 0.6287610E+02
   2 0.6280752E+02
   1 0.6273538E+02
   3 0.6375824E+02
   2 0.6270289E+02
   1 0.6315754E+02
   2 0.2932051E+02
   2 0.6241623E+02
   3 0.6316187E+02
   3 0.6335364E+02
   1 0.6251340E+02
   2 0.6309181E+02
   2 0.6248745E+02
   3 0.6254095E+02
   1 0.6277969E+02
   2 0.6273278E+02
   3 0.6451192E+02
   1 0.6316818E+02
   3 0.6343981E+02
   2 0.6197452E+02
   3 0.6361421E+02
   2 0.6323878E+02
   2 0.6294212E+02
   1 0.6254866E+02
   1 0.6387988E+02
   3 0.6308684E+02
   3 0.6370937E+02
   2 0.6320904E+02
   1 0.6249718E+02
   2 0.6307388E+02
   3 0.6260642E+02
   2 0.6315092E+02
   3 0.6330625E+02
   1 0.6289939E+02
   1 0.6382161E+02
   2 0.6226088E+02
   3 0.6289429E+02
   1 0.6248635E+02
   2 0.6295727E+02
   3 0.6307636E+02
   2 0.6319898E+02
   1 0.6240901E+02
   3 0.6210149E+02
   1 0.6295347E+02
   1 0.6284696E+02
   2 0.6326620E+02
   2 0.6272427E+02
   3 0.6284578E+02
   1 0.6270617E+02
   1 0.5403071E+02
   2 0.6347081E+02
   3 0.6289556E+02
   1 0.6268878E+02
   2 0.6325888E+02
   3 0.6271332E+02
   2 0.6259520E+02
   1 0.6277126E+02
   2 0.6275876E+02
   1 0.6297607E+02
   3 0.6306725E+02
   1 0.6323312E+02
   3 0.4404299E+02
   1 0.6337182E+02
   2 0.6279245E+02
   1 0.7950586E+01
   1 0.1363810E+02
   1 0.6271731E+02
   3 0.6296962E+02
   2 0.6299075E+02
   2 0.6040529E+02
   2 0.6093125E+02
   1 0.6323044E+02
   3 0.6301990E+02
   3 0.5934113E+02
   2 0.6290135E+02
   1 0.6294940E+02
   3 0.6326310E+02
   3 0.6176680E+02
   2 0.6327349E+02
   1 0.6263786E+02
   2 0.6338184E+02
   3 0.6220985E+02
   1 0.6306738E+02
   1 0.5288017E+02
   2 0.6288666E+02
   2 0.6263063E+02
   3 0.6263688E+02
   2 0.6302959E+02
   3 0.6229408E+02
   1 0.6283856E+02
   1 0.1438959E+02
   1 0.6318983E+02
   2 0.6258701E+02
   1 0.6356899E+02
   3 0.6412967E+02
   3 0.6231715E+02
   2 0.6268475E+02
   1 0.6299908E+02
   2 0.6111100E+02
   3 0.6256848E+02
   1 0.6353214E+02
   2 0.6266452E+02
   1 0.6225524E+02
   2 0.6323616E+02
   3 0.6263603E+02
   1 0.6366429E+02
   1 0.6344136E+02
   3 0.6301778E+02
   1 0.6287635E+02
   2 0.6266449E+02
   1 0.5778344E+02
   3 0.6281689E+02
   2 0.6266562E+02
   1 0.6265496E+02
   3 0.6323658E+02
   3 0.4342683E+02
   2 0.6304881E+02
   3 0.6187632E+02
   1 0.6232297E+02
   2 0.6262601E+02
   3 0.6325591E+02
   1 0.6267459E+02
   3 0.5092082E+02
   2 0.6246422E+02
   1 0.6244582E+02
   2 0.6272107E+02
   3 0.6242705E+02
   2 0.6340643E+02
   1 0.6241241E+02
   3 0.6283302E+02
   2 0.6282258E+02
   1 0.6360182E+02
   1 0.6340190E+02
   2 0.6249870E+02
   3 0.6306214E+02
   1 0.6312099E+02
   1 0.6292983E+02
   2 0.6288080E+02
   3 0.6240548E+02
   1 0.6273441E+02
   2 0.6272292E+02
   3 0.6327020E+02
   3 0.6299035E+02
   1 0.6318850E+02
   2 0.6304561E+02
   3 0.6277569E+02
   3 0.6344411E+02
   1 0.6346072E+02
   2 0.6275294E+02
   1 0.6329517E+02
   1 0.4586113E+02
   1 0.6332490E+02
   3 0.6297649E+02
   1 0.2703963E+02
   1 0.6317238E+02
   2 0.6297973E+02
   1 0.6302442E+02
   3 0.6263972E+02
   2 0.6300696E+02
   2 0.6344241E+02
   1 0.6261618E+02
   3 0.6211116E+02
   2 0.6237491E+02
   1 0.6290232E+02
   2 0.6203582E+02
   3 0.6318474E+02
   1 0.6227693E+02
   2 0.6177354E+02
   3 0.6271297E+02
   2 0.6332746E+02
   1 0.6235919E+02
   3 0.6243563E+02
   2 0.6222933E+02
   1 0.6294022E+02
   3 0.6328307E+02
   2 0.6243987E+02
   3 0.5992126E+02
   1 0.6257107E+02
   2 0.6305262E+02
   1 0.6285719E+02
   3 0.6324263E+02
   3 0.6006249E+02
   2 0.6283803E+02
   2 0.6339592E+02
   1 0.6279901E+02
   2 0.6316028E+02
   3 0.6328042E+02
   1 0.6314655E+02
   2 0.6310290E+02
   1 0.6224738E+02
   3 0.6257192E+02
   2 0.5995272E+02
   3 0.5040157E+02
   2 0.6293919E+02
   1 0.6300460E+02
   2 0.6290160E+02
   3 0.6262929E+02
   2 0.6256659E+02
   3 0.6344793E+02
   2 0.6337508E+02
   1 0.6204911E+02
   2 0.6314183E+02
   1 0.6354017E+02
   1 0.6319835E+02
   3 0.6280679E+02
   2 0.6334500E+02
   1 0.6338326E+02
   3 0.6245645E+02
   3 0.3834176E+02
   2 0.6312825E+02
   1 0.6289366E+02
   1 0.6352705E+02
   3 0.6270571E+02
   2 0.6314069E+02
   3 0.6130178E+02
   3 0.6285407E+02
   3 0.6311102E+02
   1 0.6293957E+02
   2 0.6289272E+02
   3 0.6333592E+02
   1 0.6304998E+02
   3 0.6310760E+02
   2 0.6251459E+02
   2 0.6321319E+02
   1 0.6280936E+02
   3 0.6270842E+02
   3 0.6314103E+02
   2 0.6296685E+02
   3 0.6259815E+02
   2 0.6240052E+02
   1 0.6237300E+02
   1 0.6236771E+02
   3 0.6309215E+02
   2 0.6299703E+02
   2 0.6273503E+02
   1 0.6355963E+02
   3 0.6296994E+02
   3 0.6327270E+02
   2 0.6256557E+02
   3 0.6244187E+02
   1 0.6325827E+02
   2 0.6320711E+02
   1 0.6274625E+02
   3 0.6212972E+02
   1 0.6332741E+02
   1 0.6256258E+02
   2 0.6312939E+02
   3 0.6250377E+02
   3 0.6184803E+02
   1 0.6277653E+02
   2 0.6297135E+02
   2 0.6318600E+02
   3 0.6239971E+02
   1 0.6288014E+02
   1 0.6339247E+02
   2 0.6269905E+02
   3 0.6285391E+02
   3 0.6258496E+02
   1 0.6310595E+02
   2 0.6215019E+02
   3 0.6277749E+02
   1 0.6318562E+02
   2 0.6301383E+02
   2 0.6251500E+02
   3 0.6335768E+02
   1 0.6283278E+02
   3 0.6235606E+02
   2 0.6290682E+02
   1 0.6310593E+02
   3 0.6287815E+02
   2 0.6297289E+02
   2 0.6376827E+02
   1 0.6275606E+02
   3 0.6283130E+02
   2 0.6263766E+02
   1 0.6280248E+02
   2 0.6258545E+02
   3 0.6290691E+02
   1 0.6279184E+02
   1 0.6378599E+02
   2 0.6353795E+02
   3 0.6316820E+02
   3 0.6325886E+02
   1 0.6292273E+02
   1 0.6275326E+02
   2 0.6281441E+02
   1 0.6278108E+02
   1 0.6357137E+02
   3 0.6282419E+02
   2 0.6281656E+02
   1 0.6269986E+02
   3 0.6231130E+02
   1 0.6187655E+02
   3 0.6272545E+02
   2 0.6209675E+02
   2 0.6303382E+02
   1 0.6330102E+02
   3 0.6280035E+02
   1 0.6382981E+02
   1 0.6361488E+02
   2 0.6297286E+02
   3 0.6277370E+02
   1 0.6292940E+02
   2 0.6306990E+02
   1 0.6336800E+02
   3 0.6394457E+02
   3 0.6202829E+02
   2 0.6270185E+02
   1 0.6322575E+02
   3 0.6189476E+02
   2 0.6305809E+02
   1 0.6295844E+02
   2 0.6367203E+02
   1 0.6318181E+02
   1 0.6271105E+02
   3 0.6234962E+02
   3 0.6315393E+02
   2 0.6257366E+02
   2 0.6334685E+02
   1 0.6296097E+02
   3 0.6289098E+02
   3 0.5078963E+02
   2 0.6334820E+02
   2 0.6308576E+02
   1 0.6332315E+02
   2 0.6306740E+02
   3 0.6220836E+02
   1 0.6270629E+02
   2 0.6297080E+02
   1 0.6234306E+02
   3 0.6264345E+02
   1 0.6286779E+02
   3 0.6272875E+02
   2 0.6335189E+02
   1 0.6290761E+02
   3 0.6280118E+02
   3 0.4624329E+02
   2 0.6251977E+02
   3 0.6323602E+02
   3 0.6343700E+02
   2 0.6291875E+02
   1 0.6346907E+02
   3 0.6294459E+02
   3 0.6260408E+02
   1 0.6215402E+02
   3 0.6330608E+02
   1 0.6375538E+02
   3 0.6252999E+02
   2 0.6246560E+02
   1 0.6261429E+02
   3 0.6311733E+02
   2 0.6230664E+02
   2 0.6343272E+02
   2 0.6233029E+02
   1 0.6285817E+02
   3 0.6335282E+02
   3 0.6369863E+02
   2 0.6265175E+02
   3 0.6346477E+02
   2 0.6345220E+02
   2 0.5700908E+02
   1 0.6258214E+02
   1 0.6415703E+02
   1 0.6279158E+02
   3 0.6284969E+02
   1 0.6259835E+02
   3 0.6279745E+02
   2 0.6249203E+02
   2 0.6336359E+02
   2 0.6334651E+02
   1 0.6282117E+02
   2 0.6227632E+02
   3 0.6235040E+02
   3 0.6266193E+02
   1 0.6247007E+02
   2 0.6281312E+02
   2 0.6253769E+02
   3 0.6293447E+02
   3 0.6293388E+02
   1 0.6274770E+02
   3 0.6309140E+02
   3 0.6300566E+02
   2 0.6333585E+02
   2 0.6358217E+02
   1 0.6291185E+02
   2 0.6230625E+02
   3 0.6296905E+02
   3 0.6189371E+02
   1 0.6371914E+02
   2 0.6315452E+02
   2 0.6246381E+02
   3 0.6284542E+02
   1 0.6289726E+02
   1 0.6341621E+02
   2 0.6250015E+02
   1 0.6279528E+02
   1 0.6301070E+02
   3 0.6295784E+02
   3 0.6305582E+02
   2 0.6277465E+02
   3 0.6263257E+02
   2 0.6309404E+02
   1 0.6287970E+02
   3 0.6274992E+02
   2 0.6277064E+02
   3 0.2983200E+02
   1 0.6322376E+02
   2 0.6283336E+02
   1 0.6243673E+02
   3 0.6298523E+02
   1 0.6317703E+02
   2 0.6298066E+02
   1 0.6237910E+02
   3 0.6332660E+02
   3 0.6365280E+02
   2 0.6317764E+02
   1 0.6305557E+02
   1 0.6283322E+02
   1 0.6170803E+02
   3 0.6259513E+02
   2 0.6253433E+02
   2 0.6254832E+02
   1 0.6338799E+02
   1 0.6387456E+02
   3 0.6321795E+02
   1 0.6301901E+02
   1 0.6298179E+02
   2 0.6275533E+02
   1 0.5748652E+02
   2 0.6332751E+02
   3 0.6294304E+02
   2 0.6319285E+02
   2 0.6275124E+02
   3 0.6264820E+02
   1 0.6302628E+02
   1 0.6326115E+02
   1 0.6356708E+02
   2 0.6338168E+02
   3 0.6329643E+02
   2 0.6348679E+02
   2 0.6226677E+02
   1 0.6320283E+02
   2 0.6321072E+02
   1 0.6274393E+02
   3 0.6279349E+02
   1 0.6371131E+02
   2 0.6306412E+02
   1 0.6334732E+02
   3 0.6300776E+02
   1 0.6399657E+02
   3 0.6250808E+02
   2 0.6295949E+02
   1 0.6306601E+02
   1 0.6242659E+02
   1 0.6299613E+02
   1 0.6321994E+02
   3 0.6273287E+02
   2 0.6273629E+02
   2 0.4199770E+02
   1 0.6292710E+02
   3 0.6297273E+02
   2 0.6293371E+02
   1 0.6251104E+02
