   3 0.5476943E+02
   2 0.5434826E+02
   1 0.5379267E+02
   3 0.5335749E+02
   1 0.5492984E+02
   1 0.5452177E+02
   2 0.5466917E+02
   3 0.5388399E+02
   1 0.5433383E+02
   2 0.5479378E+02
   3 0.5467947E+02
   1 0.5439973E+02
   2 0.5443361E+02
   3 0.5490777E+02
   1 0.5480704E+02
   3 0.5584263E+02
   3 0.5388227E+02
   1 0.5436488E+02
   2 0.5433476E+02
   3 0.5455319E+02
   2 0.5477877E+02
   1 0.5444239E+02
   1 0.5367449E+02
   3 0.5402236E+02
   2 0.5448615E+02
   1 0.5455798E+02
   1 0.5392431E+02
   3 0.5473924E+02
   1 0.5558832E+02
   2 0.5449329E+02
   1 0.5485870E+02
   2 0.5523937E+02
   3 0.5411343E+02
   1 0.5540684E+02
   2 0.5436787E+02
   3 0.5398241E+02
   1 0.5413522E+02
   2 0.5445847E+02
   3 0.5482986E+02
   2 0.5390356E+02
   1 0.5426404E+02
   3 0.5377027E+02
   1 0.1620029E+02
   2 0.5446920E+02
   3 0.5451959E+02
   1 0.5414758E+02
   3 0.5556566E+02
   2 0.5431659E+02
   1 0.5416969E+02
   3 0.5401603E+02
   1 0.5471807E+02
   1 0.5409940E+02
   1 0.5543062E+02
   2 0.5467063E+02
   1 0.5472697E+02
   3 0.5414443E+02
   2 0.5411873E+02
   1 0.5427987E+02
   3 0.5475221E+02
   2 0.5461132E+02
   2 0.5467999E+02
   2 0.5470989E+02
   1 0.5455251E+02
   3 0.5401536E+02
   3 0.2277728E+02
   3 0.5437423E+02
   2 0.5402303E+02
   1 0.5459250E+02
   1 0.5467636E+02
   1 0.3941363E+02
   1 0.3237805E+02
   3 0.5486742E+02
   2 0.5460473E+02
   3 0.5409287E+02
   1 0.5429815E+02
   2 0.5393388E+02
   2 0.5365300E+02
   2 0.5325635E+02
   3 0.5467626E+02
   1 0.5429555E+02
   3 0.1441334E+02
   2 0.5369023E+02
   1 0.5429223E+02
   3 0.5424891E+02
   2 0.5438936E+02
   2 0.5439546E+02
   1 0.5405010E+02
   3 0.5437548E+02
   3 0.5479656E+02
   3 0.5458465E+02
   2 0.5369621E+02
   1 0.5458005E+02
   3 0.5349672E+02
   2 0.5525908E+02
   1 0.5426285E+02
   2 0.4388933E+02
   2 0.1070238E+02
   3 0.5487380E+02
   2 0.5413281E+02
   1 0.5440226E+02
   2 0.5412449E+02
   3 0.5452576E+02
   1 0.5462139E+02
   2 0.5514258E+02
   3 0.5412445E+02
   1 0.5470448E+02
   2 0.5465105E+02
   2 0.5501572E+02
   3 0.5412709E+02
   3 0.5444024E+02
   3 0.5468331E+02
   1 0.5494366E+02
   3 0.5464604E+02
   2 0.5421906E+02
   1 0.5451314E+02
   1 0.5498522E+02
   3 0.5490681E+02
   2 0.5432799E+02
   3 0.5560784E+02
   1 0.5436356E+02
   2 0.5461111E+02
   3 0.5351594E+02
   1 0.5487631E+02
   2 0.5475481E+02
   1 0.5478028E+02
   1 0.5499867E+02
   1 0.5425981E+02
   3 0.5442378E+02
   2 0.5529490E+02
   2 0.5447433E+02
   1 0.5409668E+02
   3 0.5411103E+02
   2 0.5360914E+02
   1 0.5488915E+02
   3 0.5439765E+02
   2 0.5431884E+02
   1 0.5429918E+02
   3 0.5426888E+02
   1 0.5401246E+02
   2 0.5394557E+02
   3 0.5390239E+02
   1 0.5453434E+02
   2 0.5455143E+02
   3 0.5419485E+02
   1 0.5419718E+02
   2 0.5442291E+02
   1 0.5424917E+02
   3 0.5436790E+02
   2 0.5419025E+02
   3 0.4304347E+02
   2 0.5489247E+02
   1 0.5431430E+02
   3 0.5395925E+02
   2 0.5417450E+02
   1 0.5464128E+02
   3 0.5531016E+02
   2 0.5413555E+02
   3 0.5474019E+02
   3 0.5415457E+02
   1 0.5439755E+02
   2 0.5478697E+02
   1 0.5397230E+02
   3 0.5450301E+02
   3 0.5536675E+02
   3 0.5530333E+02
   2 0.5483390E+02
   1 0.5453942E+02
   3 0.5480009E+02
   1 0.5422655E+02
   2 0.5375388E+02
   3 0.5377431E+02
   3 0.5456648E+02
   1 0.5450613E+02
   2 0.5406824E+02
   1 0.5530447E+02
   1 0.5453059E+02
   3 0.5477267E+02
   3 0.5550840E+02
   2 0.5416496E+02
   3 0.5488155E+02
   1 0.5431126E+02
   1 0.5404683E+02
   2 0.5443133E+02
   3 0.5518000E+02
   2 0.5362904E+02
   1 0.5453653E+02
   1 0.5444278E+02
   3 0.5457922E+02
   2 0.5484490E+02
   1 0.5470885E+02
   1 0.5500038E+02
   1 0.5481363E+02
   3 0.5468457E+02
   1 0.5540747E+02
   2 0.5403667E+02
   1 0.5356050E+02
   1 0.5281025E+02
   3 0.5465306E+02
   2 0.5455303E+02
   3 0.5452425E+02
   1 0.5463356E+02
   2 0.5430774E+02
   3 0.5468953E+02
   1 0.5410308E+02
   1 0.5392274E+02
   2 0.5470907E+02
   3 0.5399403E+02
   1 0.5437861E+02
   2 0.5471182E+02
   1 0.5415999E+02
   3 0.5436556E+02
   2 0.5437761E+02
   1 0.5493911E+02
   3 0.5441057E+02
   3 0.3066590E+02
   3 0.5419489E+02
   2 0.5459190E+02
   1 0.5412654E+02
   3 0.5435176E+02
   1 0.5350722E+02
   2 0.5383615E+02
   1 0.5430029E+02
   1 0.5468324E+02
   3 0.5454899E+02
   1 0.5369541E+02
   2 0.5451963E+02
   3 0.5415810E+02
   1 0.5419691E+02
   2 0.5367903E+02
   3 0.5503224E+02
   1 0.5473187E+02
   1 0.5454788E+02
   2 0.5504857E+02
   1 0.5464856E+02
   3 0.5467110E+02
   2 0.5405818E+02
   2 0.5472453E+02
   1 0.5417135E+02
   3 0.5484114E+02
   2 0.5446782E+02
   1 0.5423687E+02
   2 0.5142704E+02
   3 0.5480595E+02
   1 0.5456950E+02
   1 0.5469711E+02
   2 0.5453341E+02
   3 0.5409877E+02
   2 0.5509171E+02
   3 0.5524180E+02
   2 0.5502458E+02
   1 0.5452150E+02
   1 0.5470865E+02
   3 0.5415428E+02
   2 0.5447531E+02
   3 0.5432652E+02
   1 0.5417532E+02
   3 0.5418061E+02
   3 0.5501119E+02
   2 0.5405115E+02
   1 0.5452251E+02
   3 0.5439631E+02
   2 0.5415835E+02
   1 0.5471233E+02
   3 0.5428670E+02
   2 0.5456978E+02
   3 0.5413316E+02
   1 0.5480113E+02
   2 0.5433135E+02
   3 0.5516318E+02
   2 0.4980511E+02
   1 0.5435079E+02
   2 0.5479315E+02
   3 0.5495453E+02
   1 0.5436053E+02
   2 0.5489593E+02
   3 0.5403385E+02
   2 0.5404495E+02
   3 0.5420491E+02
   1 0.5396288E+02
   1 0.5412488E+02
   2 0.5476900E+02
   3 0.5417855E+02
   1 0.5405924E+02
   2 0.5461777E+02
   3 0.5500546E+02
   1 0.5441018E+02
   2 0.5387724E+02
   1 0.5413087E+02
   1 0.5418907E+02
   3 0.5420070E+02
   3 0.5490198E+02
   2 0.5384854E+02
   2 0.5416204E+02
   1 0.5396340E+02
   2 0.5429916E+02
   1 0.5437969E+02
   1 0.5377579E+02
   3 0.5493704E+02
   2 0.5439771E+02
   1 0.5449750E+02
   3 0.5450461E+02
   1 0.5539529E+02
   1 0.5446722E+02
   3 0.5411207E+02
   2 0.5400945E+02
   1 0.5392561E+02
   3 0.5442453E+02
   2 0.5453703E+02
   3 0.5447926E+02
   3 0.5476037E+02
   1 0.5439498E+02
   2 0.5413106E+02
   2 0.5485719E+02
   3 0.5415728E+02
   1 0.5392208E+02
   2 0.5406842E+02
   3 0.5400317E+02
   1 0.5477466E+02
   2 0.5506588E+02
   3 0.5440684E+02
   2 0.5400196E+02
   1 0.5424558E+02
   1 0.5392541E+02
   1 0.5503095E+02
   3 0.5478282E+02
   2 0.5432822E+02
   1 0.5381659E+02
   3 0.5446182E+02
   1 0.5480910E+02
   2 0.5434868E+02
   3 0.5266908E+02
   1 0.5509774E+02
   2 0.5562736E+02
   3 0.5461041E+02
   1 0.5484547E+02
   2 0.5502135E+02
   3 0.5456253E+02
   1 0.5427444E+02
   1 0.5499292E+02
   1 0.5508260E+02
   2 0.5454282E+02
   3 0.5339913E+02
   1 0.5466621E+02
   2 0.5429015E+02
   3 0.5367962E+02
   1 0.5431777E+02
   1 0.5466749E+02
   1 0.4785628E+02
   2 0.5418998E+02
   3 0.5444270E+02
   3 0.5462370E+02
   3 0.5382449E+02
   1 0.5428865E+02
   3 0.5433018E+02
   2 0.5404861E+02
   1 0.5569042E+02
   1 0.5480111E+02
   3 0.5473461E+02
   2 0.5403637E+02
   2 0.5491981E+02
   1 0.5435896E+02
   3 0.5416067E+02
   2 0.5459040E+02
   1 0.5442915E+02
   3 0.5418056E+02
   1 0.5444343E+02
   2 0.5413950E+02
   3 0.5375214E+02
   1 0.5405423E+02
   2 0.5453223E+02
   3 0.5392551E+02
   1 0.5452753E+02
   2 0.5452452E+02
   3 0.5444054E+02
   2 0.5411869E+02
   1 0.5441558E+02
   3 0.5489276E+02
   2 0.5445136E+02
   1 0.5374096E+02
   1 0.5462404E+02
   3 0.5404927E+02
   2 0.5484982E+02
   1 0.5444213E+02
   1 0.3426169E+02
   3 0.5452719E+02
   2 0.5479549E+02
   1 0.5414839E+02
   1 0.5525481E+02
   3 0.5466174E+02
   2 0.5482461E+02
   1 0.5494942E+02
   1 0.5533372E+02
   3 0.5443159E+02
   2 0.5410247E+02
   3 0.5493964E+02
   3 0.5498931E+02
   3 0.5470874E+02
   1 0.5472631E+02
   3 0.5472620E+02
   2 0.5369058E+02
   2 0.5416676E+02
   1 0.5407857E+02
   3 0.5426962E+02
   2 0.5371549E+02
   2 0.4049226E+02
   1 0.5377400E+02
   2 0.5378299E+02
   3 0.5473962E+02
   2 0.5240120E+02
   1 0.5335662E+02
   2 0.3973331E+02
   3 0.5410837E+02
   1 0.5480304E+02
   2 0.5421855E+02
   2 0.5521164E+02
   2 0.5413505E+02
   3 0.5432522E+02
   1 0.5403294E+02
   2 0.5485979E+02
   3 0.5457212E+02
   1 0.5439411E+02
   1 0.4060919E+02
   2 0.5433358E+02
   3 0.5442830E+02
   1 0.5488776E+02
   1 0.5379538E+02
   2 0.5384647E+02
   3 0.5364405E+02
   3 0.5572748E+02
   3 0.5485589E+02
   3 0.5547374E+02
   1 0.5451822E+02
   2 0.5454411E+02
   3 0.5314172E+02
   2 0.5536312E+02
   1 0.5383727E+02
   1 0.5357377E+02
   3 0.5405609E+02
   2 0.5476723E+02
   2 0.5465746E+02
   2 0.4406356E+02
   1 0.5475864E+02
   3 0.5447301E+02
   2 0.5437881E+02
   1 0.5442096E+02
   2 0.5577034E+02
   3 0.5429310E+02
   2 0.5394623E+02
   1 0.5406302E+02
   3 0.5442097E+02
   2 0.5382789E+02
   1 0.5407757E+02
   1 0.5473200E+02
   1 0.5409013E+02
   3 0.5449136E+02
   2 0.5454864E+02
   3 0.5473803E+02
   3 0.5510213E+02
   3 0.5451867E+02
   2 0.5417863E+02
   1 0.5397641E+02
   1 0.5491578E+02
   1 0.5453912E+02
   3 0.5499243E+02
   3 0.5463039E+02
   1 0.5466631E+02
   2 0.5463255E+02
   3 0.5408341E+02
   3 0.5359833E+02
   3 0.5383329E+02
   1 0.5414624E+02
   2 0.5504995E+02
   3 0.5400256E+02
   1 0.5452826E+02
   2 0.5448239E+02
   1 0.5476906E+02
   3 0.5445850E+02
   3 0.5401036E+02
   3 0.5402891E+02
   2 0.5460636E+02
   1 0.5411171E+02
   3 0.5406047E+02
   2 0.5379381E+02
   1 0.5488677E+02
   1 0.5467043E+02
   3 0.5476347E+02
   2 0.5453710E+02
   3 0.5376712E+02
   2 0.5415570E+02
   1 0.5533966E+02
   3 0.5446775E+02
   2 0.5437394E+02
   1 0.5441051E+02
   3 0.5411344E+02
   2 0.5412600E+02
   1 0.5407098E+02
   1 0.5552397E+02
   3 0.5430228E+02
   2 0.5485280E+02
   1 0.5445571E+02
