   1 0.5427390E+02
   3 0.5369448E+02
   2 0.5361114E+02
   1 0.5375685E+02
   3 0.5480879E+02
   1 0.4976199E+02
   2 0.5441208E+02
   2 0.5499551E+02
   2 0.5482780E+02
   3 0.5422538E+02
   1 0.5464270E+02
   2 0.5397176E+02
   1 0.5431069E+02
   1 0.5400825E+02
   1 0.5535307E+02
   3 0.5430486E+02
   1 0.5474478E+02
   2 0.5415043E+02
   1 0.5409560E+02
   3 0.5481088E+02
   2 0.5442370E+02
   1 0.5401019E+02
   1 0.5484303E+02
   3 0.5430835E+02
   2 0.5434600E+02
   2 0.2116777E+02
   2 0.5546768E+02
   1 0.5388566E+02
   3 0.5397581E+02
   2 0.5346410E+02
   1 0.5463275E+02
   2 0.5435210E+02
   3 0.5407357E+02
   2 0.5491509E+02
   1 0.5377173E+02
   1 0.5535126E+02
   3 0.5466369E+02
   2 0.5438823E+02
   1 0.5488904E+02
   3 0.5485569E+02
   2 0.5446513E+02
   1 0.5444214E+02
   2 0.5465575E+02
   3 0.5438773E+02
   1 0.5432682E+02
   2 0.5486264E+02
   2 0.5449130E+02
   3 0.5449471E+02
   1 0.5361991E+02
   3 0.5479073E+02
   1 0.5509537E+02
   2 0.5411803E+02
   3 0.5390172E+02
   1 0.5443767E+02
   2 0.5472630E+02
   3 0.5482956E+02
   1 0.5435242E+02
   2 0.5415584E+02
   3 0.5419359E+02
   1 0.5476364E+02
   2 0.5451642E+02
   3 0.5412347E+02
   3 0.3947628E+02
   3 0.5438312E+02
   1 0.5476012E+02
   2 0.5460051E+02
   3 0.5439937E+02
   1 0.5445102E+02
   2 0.5458257E+02
   1 0.5375275E+02
   3 0.5409735E+02
   2 0.5470416E+02
   1 0.5491776E+02
   3 0.5401585E+02
   3 0.5384011E+02
   2 0.5454563E+02
   1 0.5399154E+02
   2 0.5519217E+02
   2 0.5183588E+02
   3 0.5439519E+02
   1 0.5439828E+02
   3 0.5439073E+02
   2 0.5405428E+02
   3 0.5337873E+02
   2 0.4184139E+02
   2 0.5340196E+02
   1 0.5447461E+02
   1 0.5424286E+02
   3 0.5448729E+02
   1 0.5473078E+02
   2 0.5415610E+02
   3 0.5428285E+02
   1 0.5405974E+02
   2 0.5412620E+02
   3 0.5431579E+02
   1 0.5419985E+02
   2 0.5472213E+02
   3 0.5413217E+02
   1 0.5476280E+02
   2 0.5461917E+02
   2 0.5488294E+02
   3 0.5416338E+02
   1 0.5441047E+02
   1 0.5127654E+02
   2 0.5419639E+02
   3 0.5492814E+02
   1 0.5437414E+02
   2 0.5483306E+02
   3 0.5480044E+02
   3 0.4274559E+02
   3 0.5441552E+02
   1 0.5461870E+02
   2 0.5464758E+02
   1 0.5356056E+02
   2 0.5340454E+02
   3 0.5431041E+02
   1 0.5428549E+02
   2 0.5446693E+02
   2 0.5474841E+02
   3 0.5439190E+02
   1 0.5413104E+02
   1 0.5358051E+02
   2 0.5458558E+02
   3 0.5403972E+02
   1 0.5418940E+02
   2 0.5416565E+02
   3 0.5423506E+02
   1 0.5475025E+02
   2 0.5382532E+02
   3 0.5406879E+02
   1 0.5403751E+02
   2 0.5415862E+02
   3 0.5459785E+02
   1 0.5435634E+02
   2 0.5487508E+02
   2 0.5505676E+02
   3 0.5401209E+02
   2 0.5511847E+02
   3 0.5503576E+02
   3 0.5460822E+02
   1 0.5426852E+02
   2 0.5434565E+02
   3 0.5500178E+02
   1 0.5449244E+02
   3 0.5399884E+02
   3 0.5478215E+02
   2 0.5400201E+02
   1 0.5360281E+02
   3 0.5436680E+02
   2 0.5410538E+02
   3 0.5533909E+02
   1 0.5452128E+02
   1 0.5463056E+02
   2 0.5530143E+02
   3 0.5455444E+02
   2 0.5491448E+02
   2 0.5427593E+02
   1 0.5424414E+02
   3 0.5431199E+02
   1 0.5392527E+02
   1 0.5500281E+02
   3 0.5417610E+02
   2 0.5405727E+02
   1 0.5367722E+02
   2 0.5431188E+02
   3 0.5411121E+02
   1 0.5415746E+02
   2 0.5395039E+02
   3 0.5433815E+02
   1 0.5461087E+02
   3 0.5395620E+02
   2 0.5359596E+02
   2 0.5506648E+02
   1 0.5383681E+02
   3 0.5445538E+02
   1 0.5411001E+02
   3 0.5457849E+02
   2 0.5404748E+02
   3 0.5409937E+02
   1 0.5428882E+02
   2 0.5451894E+02
   3 0.5453591E+02
   1 0.5387961E+02
   2 0.5404377E+02
   3 0.5412451E+02
   2 0.5427243E+02
   3 0.5481267E+02
   1 0.5472023E+02
   1 0.5322690E+02
   1 0.5389391E+02
   2 0.5499115E+02
   3 0.5498812E+02
   2 0.5511150E+02
   3 0.5492622E+02
   1 0.5442912E+02
   2 0.5420512E+02
   3 0.5442690E+02
   3 0.5387164E+02
   1 0.5541633E+02
   3 0.5390030E+02
   2 0.5500954E+02
   1 0.5423139E+02
   3 0.5453012E+02
   2 0.5464798E+02
   1 0.5466023E+02
   3 0.5461312E+02
   2 0.5452360E+02
   1 0.5454947E+02
   3 0.5423609E+02
   2 0.5451783E+02
   2 0.5344737E+02
   1 0.5424130E+02
   3 0.5404837E+02
   3 0.5389055E+02
   2 0.5467820E+02
   3 0.5537080E+02
   3 0.5427536E+02
   1 0.5465039E+02
   1 0.5386110E+02
   2 0.5444732E+02
   1 0.5524479E+02
   1 0.5492380E+02
   3 0.5444447E+02
   1 0.5441269E+02
   1 0.5475603E+02
   1 0.3286761E+02
   2 0.5460833E+02
   3 0.5356995E+02
   3 0.5420626E+02
   1 0.5415008E+02
   2 0.5412811E+02
   3 0.5445940E+02
   2 0.5474235E+02
   1 0.5446855E+02
   3 0.5485434E+02
   3 0.1702393E+02
   2 0.5404393E+02
   1 0.5393310E+02
   1 0.5491196E+02
   3 0.5547887E+02
   2 0.5463611E+02
   1 0.5465951E+02
   3 0.5469790E+02
   1 0.5364924E+02
   3 0.5357180E+02
   2 0.5444836E+02
   1 0.5480594E+02
   3 0.5455658E+02
   2 0.5431921E+02
   2 0.5406261E+02
   1 0.5472367E+02
   2 0.5406062E+02
   3 0.5339954E+02
   2 0.5246506E+02
   2 0.5489694E+02
   2 0.5513886E+02
   2 0.5326623E+02
   1 0.5470179E+02
   3 0.5415707E+02
   1 0.5398509E+02
   3 0.5407686E+02
   2 0.5415941E+02
   1 0.5421523E+02
   3 0.5450522E+02
   1 0.5480011E+02
   3 0.2902663E+02
   2 0.5368855E+02
   1 0.5410511E+02
   3 0.5447518E+02
   2 0.5440251E+02
   3 0.5488595E+02
   2 0.5454810E+02
   3 0.5491654E+02
   2 0.5409444E+02
   3 0.5387952E+02
   1 0.5444864E+02
   1 0.5433654E+02
   1 0.5460376E+02
   2 0.5442738E+02
   3 0.5481840E+02
   2 0.5478646E+02
   2 0.5443379E+02
   1 0.5394205E+02
   3 0.5473910E+02
   3 0.5440166E+02
   2 0.5442591E+02
   3 0.5483185E+02
   1 0.5462270E+02
   1 0.5410852E+02
   1 0.5577258E+02
   2 0.5365987E+02
   1 0.5558303E+02
   3 0.5424869E+02
   1 0.5400108E+02
   3 0.5559371E+02
   1 0.3865413E+02
   2 0.5456875E+02
   2 0.5447774E+02
   1 0.5472015E+02
   3 0.5393467E+02
   1 0.5491564E+02
   2 0.5437033E+02
   3 0.5482663E+02
   1 0.5441221E+02
   2 0.5467384E+02
   3 0.5441414E+02
   1 0.5416988E+02
   2 0.5490777E+02
   2 0.5475572E+02
   3 0.5423738E+02
   1 0.5444781E+02
   1 0.5479960E+02
   2 0.5481791E+02
   3 0.5473889E+02
   1 0.5432197E+02
   2 0.5507289E+02
   3 0.5418263E+02
   1 0.5477762E+02
   2 0.5437631E+02
   3 0.5445860E+02
   1 0.5463665E+02
   2 0.5472583E+02
   3 0.5467431E+02
   1 0.5402824E+02
   2 0.5462172E+02
   3 0.5430629E+02
   2 0.4886997E+02
   1 0.5428010E+02
   3 0.5409652E+02
   2 0.5489453E+02
   1 0.5412435E+02
   1 0.5518432E+02
   1 0.5441112E+02
   3 0.5462143E+02
   2 0.5427710E+02
   2 0.5493298E+02
   1 0.5397849E+02
   3 0.5442351E+02
   2 0.5442073E+02
   1 0.5380554E+02
   2 0.5461934E+02
   3 0.5382112E+02
   1 0.5450350E+02
   2 0.5417775E+02
   2 0.5542618E+02
   1 0.5377188E+02
   2 0.5433019E+02
   3 0.5486818E+02
   3 0.5543518E+02
   1 0.5512989E+02
   2 0.5489182E+02
   3 0.5454749E+02
   3 0.5383029E+02
   1 0.5404010E+02
   2 0.5465318E+02
   3 0.5450244E+02
   1 0.5492305E+02
   1 0.2776104E+02
   2 0.5404171E+02
   3 0.5470310E+02
   1 0.5413956E+02
   2 0.5427211E+02
   2 0.5525791E+02
   3 0.5422750E+02
   1 0.5418152E+02
   2 0.5405251E+02
   1 0.5503152E+02
   2 0.5432803E+02
   2 0.5356443E+02
   3 0.5453466E+02
   3 0.5457457E+02
   1 0.5406247E+02
   3 0.5408239E+02
   3 0.5512411E+02
   2 0.5466050E+02
   3 0.2573664E+02
   2 0.5494125E+02
   1 0.5401983E+02
   1 0.5102702E+02
   3 0.5412641E+02
   2 0.5432954E+02
   3 0.5492031E+02
   1 0.5368259E+02
   2 0.5425327E+02
   3 0.5422874E+02
   1 0.5483676E+02
   1 0.5464720E+02
   2 0.5478118E+02
   3 0.5455577E+02
   1 0.5487275E+02
   2 0.5438913E+02
   3 0.5471793E+02
   2 0.5439626E+02
   1 0.5493381E+02
   1 0.5432402E+02
   3 0.5408852E+02
   1 0.5539881E+02
   2 0.5462568E+02
   3 0.5402780E+02
   1 0.5522241E+02
   2 0.5453370E+02
   2 0.5408437E+02
   3 0.5497679E+02
   1 0.5442067E+02
   2 0.5423400E+02
   2 0.5540310E+02
   3 0.5481864E+02
   1 0.5409600E+02
   2 0.5442087E+02
   2 0.5535571E+02
   3 0.5424925E+02
   1 0.5450587E+02
   2 0.5393594E+02
   3 0.5381134E+02
   1 0.5448117E+02
   3 0.5509881E+02
   1 0.5505012E+02
   2 0.5380843E+02
   3 0.5482694E+02
   1 0.5501344E+02
   3 0.5399811E+02
   1 0.5406624E+02
   2 0.5486593E+02
   3 0.5420265E+02
   1 0.5401261E+02
   2 0.5391852E+02
   3 0.5474964E+02
   1 0.5477972E+02
   2 0.5466155E+02
   3 0.5446282E+02
   1 0.5426148E+02
   3 0.1910860E+01
   1 0.5468852E+02
   2 0.5412739E+02
   1 0.5441023E+02
   3 0.5424956E+02
   2 0.5438136E+02
   2 0.5527687E+02
   1 0.5436021E+02
   3 0.5466367E+02
   3 0.5525129E+02
   3 0.5424711E+02
   2 0.5407150E+02
   3 0.5432283E+02
   1 0.5454991E+02
   3 0.5417941E+02
   3 0.5416121E+02
   3 0.5392961E+02
   2 0.5457494E+02
   1 0.5442126E+02
   3 0.5345407E+02
   3 0.5398752E+02
   2 0.5377716E+02
   1 0.5443803E+02
   3 0.5467963E+02
   2 0.5386183E+02
   1 0.5429037E+02
   3 0.5526169E+02
   2 0.5414330E+02
   1 0.5416174E+02
   2 0.5471715E+02
   1 0.4045836E+02
   3 0.5508567E+02
   2 0.5462624E+02
   1 0.5411037E+02
   2 0.5426866E+02
   1 0.5468949E+02
   2 0.5410179E+02
   1 0.5389899E+02
   1 0.5515952E+02
   3 0.5433815E+02
   3 0.5404530E+02
   2 0.5438928E+02
   3 0.5488269E+02
   1 0.5435851E+02
   1 0.5507856E+02
   2 0.5472817E+02
   3 0.5422279E+02
   2 0.5487324E+02
   1 0.5466575E+02
   2 0.2734335E+02
   3 0.5428787E+02
   1 0.5408614E+02
   2 0.5410401E+02
   1 0.5401915E+02
   2 0.5451164E+02
   3 0.5542263E+02
   2 0.5431545E+02
   3 0.5575411E+02
   3 0.5496577E+02
   1 0.5435828E+02
   2 0.5403881E+02
   2 0.5465847E+02
   3 0.5427749E+02
   1 0.5454145E+02
   2 0.5392904E+02
   3 0.5465529E+02
   2 0.5434426E+02
   1 0.5443999E+02
   1 0.5458196E+02
   3 0.5433970E+02
   2 0.5366387E+02
   2 0.5452413E+02
   1 0.5418698E+02
   2 0.5381725E+02
   2 0.5381972E+02
   3 0.5480328E+02
   3 0.5528217E+02
   2 0.5505812E+02
   1 0.5456872E+02
   2 0.5466979E+02
   3 0.5433744E+02
   1 0.5379264E+02
   1 0.5464315E+02
   2 0.5413506E+02
   3 0.5474461E+02
   2 0.5545376E+02
   3 0.5455320E+02
   2 0.5476364E+02
   1 0.5452073E+02
   3 0.5341132E+02
   2 0.5499265E+02
   1 0.5393028E+02
   3 0.5483372E+02
   2 0.5372394E+02
   1 0.5497067E+02
   3 0.5477270E+02
   2 0.5425017E+02
   1 0.5445850E+02
   3 0.5462440E+02
   1 0.5512096E+02
   1 0.5441054E+02
   2 0.5419199E+02
   1 0.5347464E+02
   1 0.5414507E+02
   3 0.5459970E+02
   2 0.5497488E+02
   2 0.5407389E+02
   1 0.5419051E+02
   3 0.5407314E+02
   3 0.5449923E+02
   3 0.5472553E+02
   2 0.5477117E+02
   1 0.5363003E+02
   2 0.5226718E+02
   2 0.5398478E+02
   3 0.5491297E+02
   1 0.5379479E+02
   2 0.5468116E+02
   3 0.5409693E+02
   1 0.5491051E+02
   2 0.5452995E+02
   3 0.5469221E+02
   2 0.5421835E+02
   1 0.5425612E+02
   3 0.5434559E+02
   2 0.5447128E+02
   1 0.5456740E+02
   2 0.5548058E+02
   2 0.5498840E+02
   3 0.5420999E+02
   1 0.5431001E+02
   2 0.5407917E+02
   2 0.3586290E+02
   3 0.5448350E+02
   3 0.5481892E+02
   3 0.1964802E+02
   1 0.5480243E+02
   3 0.5474910E+02
   2 0.5388999E+02
   3 0.5467118E+02
   2 0.5390623E+02
   1 0.5456369E+02
   2 0.5402866E+02
   1 0.5448230E+02
   1 0.2689977E+02
   3 0.5409294E+02
   2 0.5412529E+02
   1 0.5430220E+02
   3 0.5503666E+02
   2 0.5441404E+02
   1 0.5508385E+02
   2 0.5381290E+02
   3 0.5389610E+02
   2 0.5036445E+02
   1 0.5475425E+02
   3 0.5466846E+02
   3 0.4541579E+02
   3 0.5465324E+02
   2 0.5435594E+02
   1 0.5439657E+02
   3 0.5395012E+02
   1 0.5463811E+02
   2 0.5379972E+02
   3 0.5451042E+02
   1 0.5436998E+02
   3 0.3616799E+02
   3 0.5453629E+02
   2 0.5474933E+02
   1 0.5407116E+02
   3 0.5441013E+02
   2 0.5451122E+02
   1 0.5452551E+02
   1 0.2581473E+02
   3 0.5442141E+02
   2 0.5426806E+02
   3 0.5561365E+02
   1 0.5443806E+02
   2 0.5457130E+02
   1 0.5396962E+02
   3 0.5442806E+02
   2 0.5452848E+02
   1 0.5413634E+02
   3 0.5432601E+02
   2 0.5401721E+02
   1 0.5331589E+02
   3 0.5520116E+02
   1 0.5497935E+02
   2 0.5401663E+02
   3 0.5433533E+02
   2 0.5504407E+02
   1 0.5410456E+02
   3 0.5406343E+02
   3 0.5460360E+02
   2 0.5420135E+02
   1 0.5493641E+02
   3 0.5547941E+02
   3 0.5419513E+02
   2 0.5368373E+02
   3 0.5425238E+02
   1 0.5431389E+02
   2 0.5535263E+02
   3 0.5512391E+02
   1 0.5385980E+02
   2 0.5481199E+02
   3 0.5428658E+02
   1 0.5498543E+02
   1 0.5453932E+02
   1 0.5498053E+02
   2 0.5389895E+02
   3 0.5473464E+02
   3 0.5240453E+02
   3 0.5506381E+02
   1 0.5459081E+02
   3 0.5399535E+02
   3 0.5428991E+02
   1 0.5395693E+02
   2 0.5435501E+02
   3 0.5425701E+02
   2 0.5443272E+02
   3 0.5451984E+02
   3 0.5490553E+02
   2 0.5341017E+02
   1 0.5514114E+02
   3 0.5466608E+02
   2 0.5409402E+02
   1 0.5462251E+02
   3 0.5521326E+02
   2 0.5436333E+02
   3 0.5460544E+02
   2 0.5435083E+02
   1 0.5466041E+02
   1 0.5504540E+02
   3 0.5436285E+02
   2 0.5486051E+02
   3 0.5390293E+02
   1 0.5460074E+02
   2 0.5423513E+02
   3 0.5383774E+02
   3 0.5556081E+02
   1 0.5439292E+02
   2 0.5468754E+02
   3 0.5411949E+02
   1 0.5416868E+02
   2 0.5472919E+02
   3 0.5395343E+02
   1 0.5414577E+02
   2 0.5431586E+02
   2 0.5135851E+02
   3 0.5388641E+02
   2 0.5437782E+02
   2 0.5509138E+02
   3 0.5541363E+02
   1 0.5367364E+02
   3 0.5394240E+02
   2 0.5487844E+02
   1 0.5489690E+02
   3 0.5461717E+02
   3 0.5474472E+02
   2 0.5456828E+02
   1 0.5481566E+02
   2 0.5428633E+02
   1 0.5401845E+02
   3 0.5459635E+02
   2 0.5419796E+02
   1 0.5468284E+02
   3 0.5420242E+02
   1 0.5523232E+02
   3 0.5459654E+02
   3 0.5462959E+02
   2 0.5475799E+02
   3 0.5427494E+02
   3 0.5499840E+02
   3 0.5356117E+02
   1 0.5342813E+02
   2 0.5406721E+02
   3 0.5435201E+02
   1 0.5470122E+02
   3 0.5389009E+02
   2 0.5491220E+02
   1 0.5450200E+02
   3 0.5377276E+02
   2 0.5417433E+02
   3 0.5472052E+02
   2 0.5360881E+02
   1 0.5477914E+02
   3 0.5481874E+02
   3 0.2206461E+02
   2 0.5409725E+02
   3 0.5386969E+02
   2 0.5452746E+02
   1 0.5370867E+02
   3 0.5475566E+02
   2 0.5500992E+02
   1 0.5442620E+02
   3 0.5512918E+02
   2 0.5432198E+02
   1 0.5430248E+02
   3 0.5365827E+02
   2 0.5421346E+02
   1 0.5416122E+02
   2 0.5385234E+02
   3 0.5405542E+02
   1 0.5465687E+02
   2 0.5449763E+02
   3 0.5446822E+02
   2 0.5497651E+02
   1 0.5459315E+02
   3 0.5403827E+02
   2 0.5478602E+02
   1 0.5387698E+02
   2 0.5526688E+02
   3 0.5403573E+02
   2 0.5461670E+02
   1 0.5459907E+02
   3 0.5444000E+02
   2 0.5456739E+02
   1 0.5422474E+02
   1 0.5490740E+02
   3 0.5426116E+02
   2 0.5427189E+02
   3 0.5351519E+02
   1 0.5442170E+02
   2 0.5465506E+02
   3 0.5495782E+02
   3 0.5476867E+02
   1 0.5449863E+02
   2 0.5428015E+02
   1 0.5423665E+02
   2 0.5584180E+02
   3 0.5475638E+02
   3 0.5499959E+02
   1 0.5392435E+02
   2 0.5404514E+02
   3 0.5461861E+02
   1 0.5423154E+02
   2 0.5485844E+02
   2 0.5463715E+02
   1 0.5365841E+02
   3 0.5446009E+02
   2 0.5498999E+02
   3 0.5418687E+02
   1 0.5390120E+02
   2 0.5462246E+02
   2 0.5495858E+02
   3 0.5453834E+02
   3 0.5350846E+02
   3 0.5374415E+02
   1 0.5404619E+02
   3 0.5422182E+02
   1 0.4249172E+02
   2 0.5472839E+02
   1 0.5435249E+02
   3 0.5360945E+02
   2 0.5392401E+02
   1 0.5274139E+02
   3 0.4714141E+01
   3 0.5478088E+02
   2 0.5383505E+02
   1 0.5482381E+02
   1 0.5332624E+02
   3 0.5395155E+02
   3 0.5440060E+02
   2 0.5409425E+02
   2 0.5597135E+02
   1 0.5383539E+02
   2 0.5457958E+02
   2 0.5451300E+02
   3 0.5457225E+02
   1 0.5456152E+02
   2 0.5471004E+02
   3 0.5400663E+02
   2 0.5374461E+02
   3 0.5398230E+02
   3 0.5570090E+02
   1 0.5502225E+02
   3 0.5472837E+02
   2 0.5461182E+02
   1 0.5409473E+02
   3 0.5401201E+02
   3 0.5411476E+02
   2 0.5434395E+02
   1 0.5452703E+02
   1 0.5490248E+02
   3 0.5450626E+02
   2 0.5426995E+02
   2 0.5468183E+02
   1 0.5423100E+02
   3 0.5400979E+02
   2 0.5438342E+02
   2 0.5481164E+02
   1 0.5455364E+02
   3 0.5399367E+02
   2 0.5446387E+02
   3 0.5402701E+02
   1 0.5421223E+02
   2 0.5417533E+02
   3 0.5366592E+02
   2 0.5388959E+02
   3 0.5505783E+02
   2 0.5180603E+02
   3 0.5340743E+02
   1 0.5408725E+02
   1 0.5413889E+02
   1 0.5494110E+02
   2 0.5450553E+02
   3 0.5419473E+02
   2 0.5410715E+02
   1 0.5400339E+02
   3 0.5393961E+02
   2 0.5441703E+02
   3 0.5424298E+02
   2 0.5368794E+02
   2 0.5436939E+02
   1 0.5466622E+02
   1 0.5403517E+02
   3 0.5431642E+02
   3 0.5505252E+02
   2 0.5404291E+02
   1 0.5468150E+02
   1 0.5388226E+02
   2 0.5464947E+02
   3 0.5422070E+02
   3 0.5487537E+02
   1 0.5494996E+02
   1 0.5483091E+02
   2 0.5441605E+02
   3 0.5393874E+02
   3 0.5355666E+02
   1 0.5420297E+02
   2 0.5474257E+02
   1 0.5517702E+02
   2 0.5365541E+02
   3 0.5421339E+02
   1 0.5486909E+02
   3 0.5477192E+02
   2 0.5424808E+02
   1 0.5449221E+02
   3 0.5492336E+02
   2 0.5447346E+02
   1 0.5467919E+02
   1 0.5354995E+02
   3 0.5457249E+02
   2 0.5463692E+02
   2 0.5195716E+02
   1 0.5422461E+02
   2 0.5430682E+02
   3 0.5420576E+02
   1 0.5466007E+02
   2 0.5464419E+02
   2 0.5379801E+02
   3 0.5417322E+02
   3 0.5517293E+02
   1 0.5454723E+02
   3 0.5395947E+02
   2 0.5438638E+02
   2 0.5463847E+02
   1 0.5451621E+02
   3 0.5421835E+02
   1 0.5508970E+02
   2 0.5394483E+02
   3 0.5399576E+02
   1 0.5414776E+02
   3 0.5441108E+02
   2 0.5406264E+02
   2 0.5531181E+02
   1 0.5488046E+02
   3 0.5465116E+02
   1 0.5314987E+02
   3 0.5390197E+02
   2 0.5399321E+02
   2 0.5516125E+02
   1 0.5467273E+02
   3 0.5453485E+02
   2 0.5484982E+02
   3 0.5460648E+02
   2 0.5484127E+02
   2 0.5403146E+02
   2 0.5462090E+02
   1 0.5414459E+02
   3 0.5472883E+02
   2 0.5372408E+02
   1 0.5412677E+02
   3 0.5443020E+02
   2 0.5442923E+02
   1 0.5465319E+02
   2 0.5514097E+02
   3 0.5402187E+02
   1 0.5421690E+02
   2 0.5428219E+02
   1 0.4916253E+02
   3 0.5474540E+02
   2 0.5362142E+02
   1 0.5454858E+02
   3 0.5521743E+02
   2 0.5444545E+02
   1 0.5518095E+02
   3 0.5413965E+02
   2 0.5411564E+02
   1 0.5421347E+02
   2 0.5469117E+02
   3 0.5450541E+02
   1 0.5432046E+02
   2 0.5461420E+02
   3 0.5358720E+02
   2 0.5484241E+02
   1 0.5447919E+02
   3 0.5489221E+02
   2 0.5374396E+02
   1 0.5441758E+02
   3 0.5446457E+02
   2 0.5483170E+02
   1 0.5508179E+02
   3 0.5447907E+02
   1 0.5462719E+02
   2 0.5465963E+02
   3 0.5570075E+02
   2 0.3051696E+02
   1 0.5470290E+02
   3 0.5240687E+02
   2 0.5435016E+02
   3 0.5427881E+02
   2 0.5322552E+02
   3 0.5396230E+02
   2 0.4695693E+02
   3 0.5383851E+02
   2 0.5464175E+02
   1 0.5478758E+02
   2 0.5419000E+02
   3 0.5398366E+02
   1 0.5392848E+02
   2 0.5422778E+02
   1 0.5489592E+02
   3 0.5417748E+02
   2 0.5417107E+02
   1 0.5413474E+02
   3 0.5454804E+02
   2 0.5477790E+02
   1 0.5510255E+02
   1 0.5399599E+02
   3 0.5529422E+02
   1 0.5406098E+02
   3 0.5489760E+02
   2 0.5451829E+02
   3 0.5402830E+02
   1 0.5410955E+02
   2 0.5511026E+02
   3 0.5452877E+02
   1 0.5463007E+02
   2 0.5408960E+02
   3 0.5429183E+02
   1 0.5501388E+02
   2 0.5453869E+02
   3 0.5414669E+02
   2 0.5435388E+02
   1 0.5463531E+02
   1 0.5409311E+02
   3 0.5469929E+02
   2 0.5406687E+02
   1 0.5438816E+02
   3 0.5508975E+02
   1 0.5393216E+02
   2 0.5448395E+02
   2 0.5499450E+02
   2 0.5456906E+02
   3 0.5415618E+02
   1 0.5462376E+02
   1 0.5389942E+02
   2 0.5447329E+02
   3 0.5438388E+02
