   2 0.5392717E+02
   3 0.5423959E+02
   1 0.5477829E+02
   2 0.5425112E+02
   3 0.5462337E+02
   1 0.5428546E+02
   1 0.5502888E+02
   3 0.5428339E+02
   2 0.5408110E+02
   1 0.5444330E+02
   1 0.4999617E+02
   3 0.5461034E+02
   2 0.5484084E+02
   1 0.5505766E+02
   3 0.5416033E+02
   2 0.5429106E+02
   3 0.5426123E+02
   1 0.5529714E+02
   3 0.5476421E+02
   2 0.5424714E+02
   2 0.3659629E+02
   1 0.5449837E+02
   3 0.5461701E+02
   2 0.5437522E+02
   1 0.5376307E+02
   3 0.5482234E+02
   2 0.5449171E+02
   1 0.5402723E+02
   3 0.5440321E+02
   2 0.5401906E+02
   3 0.5417045E+02
   3 0.5361864E+02
   1 0.5422923E+02
   3 0.5324055E+02
   2 0.5403571E+02
   1 0.5366503E+02
   3 0.5498060E+02
   3 0.5403918E+02
   2 0.5418256E+02
   1 0.5372432E+02
   3 0.5456696E+02
   2 0.5482089E+02
   1 0.5390900E+02
   3 0.5407185E+02
   2 0.5403262E+02
   1 0.5433752E+02
   3 0.5508347E+02
   3 0.4139609E+02
   1 0.5391851E+02
   2 0.5392237E+02
   3 0.5436482E+02
   1 0.5467770E+02
   2 0.5373296E+02
   1 0.5550208E+02
   3 0.5409384E+02
   2 0.5421116E+02
   3 0.5473806E+02
   1 0.5377083E+02
   1 0.5359579E+02
   1 0.5465419E+02
   2 0.5407982E+02
   3 0.5421053E+02
   1 0.5428342E+02
   1 0.5466256E+02
   2 0.5439407E+02
   1 0.5510938E+02
   3 0.5458232E+02
   3 0.5530572E+02
   1 0.5452757E+02
   2 0.5404775E+02
   3 0.5456687E+02
   1 0.5423813E+02
   3 0.5454300E+02
   3 0.5489479E+02
   3 0.5450120E+02
   2 0.5458695E+02
   3 0.5435937E+02
   1 0.5493324E+02
   3 0.4994602E+02
   2 0.5419568E+02
   1 0.5438029E+02
   3 0.5444652E+02
   2 0.5456503E+02
   1 0.5530857E+02
   3 0.5490424E+02
   2 0.5390758E+02
   1 0.5394140E+02
   3 0.5445081E+02
   2 0.5468036E+02
   2 0.5426197E+02
   2 0.5352461E+02
   1 0.5448770E+02
   3 0.5436520E+02
   2 0.5426434E+02
   1 0.5435354E+02
   3 0.5497949E+02
   2 0.5405234E+02
   1 0.5392262E+02
   3 0.5430139E+02
   2 0.5456790E+02
   3 0.5421766E+02
   3 0.5426523E+02
   3 0.5456407E+02
   1 0.5376759E+02
   2 0.5422828E+02
   3 0.5446220E+02
   1 0.5405509E+02
   2 0.5409921E+02
   3 0.5395367E+02
   1 0.5442043E+02
   3 0.4447359E+02
   2 0.5398797E+02
   2 0.5209887E+02
   2 0.5476343E+02
   2 0.5428979E+02
   1 0.5435561E+02
   3 0.5409666E+02
   2 0.5443117E+02
   1 0.5443880E+02
   3 0.5401897E+02
   1 0.5503969E+02
   2 0.5517489E+02
   1 0.5496227E+02
   3 0.5435524E+02
   3 0.5194199E+02
   2 0.5399118E+02
   1 0.5440754E+02
   3 0.5393824E+02
   1 0.5388540E+02
   1 0.5396733E+02
   2 0.5444456E+02
   3 0.5382917E+02
   2 0.5454081E+02
   3 0.5406301E+02
   2 0.5377380E+02
   1 0.5463723E+02
   3 0.5410696E+02
   3 0.5436308E+02
   2 0.5396888E+02
   1 0.5417013E+02
   2 0.5470802E+02
   1 0.4894263E+02
   3 0.5419011E+02
   2 0.5445324E+02
   1 0.5424227E+02
   3 0.5494103E+02
   2 0.5472108E+02
   1 0.5425231E+02
   3 0.5401193E+02
   3 0.4943626E+02
   3 0.4647809E+02
   2 0.5383292E+02
   1 0.5413270E+02
   1 0.2471814E+02
   3 0.5456226E+02
   3 0.5445955E+02
   2 0.5374930E+02
   1 0.5429442E+02
   3 0.5436244E+02
   2 0.5415104E+02
   1 0.5509575E+02
   1 0.5496373E+02
   3 0.5398847E+02
   2 0.5422688E+02
   1 0.5416811E+02
   3 0.5491834E+02
   2 0.5370505E+02
   3 0.5405274E+02
   1 0.5396230E+02
   3 0.5420153E+02
   3 0.5427241E+02
   2 0.5377021E+02
   1 0.5480310E+02
   3 0.5399457E+02
   2 0.5483618E+02
   1 0.5455441E+02
   3 0.5384423E+02
   2 0.5413149E+02
   1 0.5415688E+02
   3 0.5420440E+02
   2 0.5470551E+02
   2 0.5484373E+02
   1 0.5452098E+02
   2 0.5490169E+02
   3 0.5401977E+02
   1 0.5417698E+02
   2 0.5476261E+02
   3 0.5414744E+02
   1 0.5492673E+02
   2 0.5461586E+02
   3 0.5415244E+02
   2 0.5368799E+02
   3 0.5484806E+02
   1 0.5436949E+02
   2 0.5434153E+02
   3 0.5416891E+02
   2 0.5360820E+02
   1 0.5454316E+02
   3 0.5417141E+02
   2 0.5427340E+02
   3 0.5421872E+02
   2 0.5536265E+02
   1 0.5430363E+02
   3 0.5369104E+02
   2 0.5470706E+02
   1 0.5443841E+02
   3 0.5485183E+02
   2 0.5445517E+02
   1 0.5492705E+02
   3 0.5419207E+02
   2 0.5351273E+02
   1 0.5423678E+02
   3 0.5329976E+02
   2 0.5442952E+02
   1 0.5494340E+02
   3 0.5345278E+02
   2 0.5452139E+02
   1 0.5427619E+02
   2 0.5497964E+02
   2 0.3849136E+01
   3 0.5389857E+02
   3 0.5444923E+02
   1 0.5371024E+02
   2 0.5404519E+02
   3 0.5471716E+02
   1 0.5420034E+02
   2 0.5422611E+02
   3 0.5430865E+02
   1 0.5407169E+02
   3 0.5448570E+02
   2 0.5412969E+02
   1 0.5407316E+02
   3 0.5514786E+02
   2 0.5378948E+02
   1 0.5422542E+02
   3 0.5451241E+02
   1 0.5419347E+02
   3 0.5441562E+02
   3 0.5458018E+02
   3 0.5445600E+02
   2 0.5434798E+02
   1 0.5484528E+02
   2 0.5388824E+02
   3 0.5432553E+02
   3 0.5398338E+02
   1 0.5451979E+02
   2 0.5483574E+02
   1 0.5483403E+02
   2 0.5433963E+02
   1 0.2346569E+02
   3 0.5407357E+02
   3 0.5465283E+02
   1 0.5439718E+02
   2 0.5532894E+02
   3 0.5417530E+02
   1 0.5440934E+02
   2 0.5475668E+02
   3 0.5411717E+02
   1 0.5409188E+02
   2 0.5382960E+02
   1 0.5496984E+02
   1 0.5467819E+02
   3 0.5408463E+02
   2 0.5425637E+02
   1 0.5518856E+02
   3 0.5389762E+02
   1 0.5377989E+02
   2 0.5401079E+02
   1 0.5389469E+02
   3 0.5474859E+02
   2 0.5482129E+02
   1 0.5450113E+02
   3 0.5382240E+02
   2 0.5497738E+02
   1 0.5438768E+02
   2 0.5516326E+02
   3 0.5442518E+02
   1 0.5430453E+02
   2 0.5401904E+02
   3 0.5362569E+02
   3 0.5418158E+02
   1 0.5448611E+02
   2 0.5465381E+02
   3 0.5373852E+02
   3 0.5437036E+02
   1 0.5404086E+02
   1 0.5484879E+02
   3 0.5568750E+02
   2 0.5466295E+02
   3 0.5551129E+02
   3 0.5447245E+02
   1 0.5426366E+02
   2 0.5435418E+02
   1 0.5406724E+02
   3 0.5418422E+02
   1 0.5379334E+02
   2 0.5401218E+02
   2 0.5461614E+02
   3 0.5388119E+02
   1 0.5438857E+02
   2 0.5500316E+02
   3 0.5473102E+02
   1 0.5402796E+02
   1 0.5485094E+02
   2 0.5470602E+02
   3 0.5441135E+02
   1 0.5464500E+02
   2 0.5455758E+02
   3 0.5475093E+02
   1 0.5433856E+02
   3 0.5464990E+02
   2 0.5373574E+02
   2 0.5248167E+02
   1 0.5469768E+02
   1 0.5460389E+02
   3 0.5467983E+02
   2 0.5431004E+02
   2 0.5395686E+02
   1 0.5482287E+02
   2 0.5466161E+02
   3 0.5357423E+02
   2 0.5456394E+02
   1 0.5415071E+02
   1 0.5464761E+02
   3 0.5455055E+02
   1 0.5560406E+02
   2 0.5388750E+02
   3 0.5434461E+02
   1 0.5447861E+02
   2 0.5454820E+02
   1 0.5503629E+02
   3 0.5399846E+02
   2 0.5469422E+02
   1 0.5437398E+02
   3 0.5483770E+02
   2 0.5434067E+02
   1 0.5436196E+02
   3 0.5387760E+02
   2 0.5488596E+02
   1 0.5424614E+02
   1 0.5437535E+02
   3 0.5413269E+02
   2 0.5483619E+02
   3 0.5466228E+02
   2 0.5441229E+02
   1 0.5401433E+02
   3 0.5452150E+02
   2 0.5513655E+02
   1 0.5477833E+02
   3 0.5493836E+02
   3 0.4005035E+02
   1 0.5389675E+02
   2 0.5399064E+02
   3 0.5374899E+02
   1 0.5398277E+02
   2 0.5428573E+02
   3 0.5437785E+02
   2 0.3818483E+02
   1 0.5417568E+02
   3 0.5435831E+02
   1 0.5458363E+02
   2 0.5359716E+02
   1 0.5422605E+02
   2 0.5500511E+02
   2 0.5513611E+02
   3 0.5432879E+02
   1 0.5407639E+02
   2 0.5448593E+02
   2 0.5483481E+02
   3 0.5466278E+02
   2 0.5537855E+02
   3 0.5398387E+02
   1 0.5398804E+02
   2 0.5413863E+02
   2 0.5478785E+02
   3 0.5441376E+02
   2 0.5491595E+02
   1 0.5403214E+02
   3 0.5435765E+02
   3 0.4939904E+02
   3 0.4639662E+02
   3 0.5442695E+02
   3 0.5264574E+02
   1 0.5404007E+02
   2 0.5435958E+02
   3 0.5462169E+02
   2 0.5348849E+02
   3 0.5507638E+02
   2 0.5422573E+02
   1 0.5424293E+02
   3 0.5397976E+02
   2 0.5481301E+02
   1 0.5470645E+02
   1 0.5473425E+02
   1 0.5525635E+02
   3 0.5404668E+02
   2 0.5492443E+02
   2 0.4589801E+02
   1 0.5463870E+02
   3 0.5410138E+02
   2 0.5409709E+02
   3 0.5387186E+02
   2 0.5332432E+02
   2 0.5380964E+02
   1 0.5419595E+02
   1 0.5493868E+02
   3 0.5444244E+02
   1 0.5475584E+02
   2 0.5440767E+02
   3 0.5383275E+02
   1 0.5409032E+02
   2 0.5441990E+02
   3 0.5450284E+02
   1 0.5423629E+02
   2 0.5508297E+02
   1 0.5401982E+02
   2 0.4880190E+02
   2 0.5527427E+02
   3 0.5432703E+02
   1 0.5465829E+02
   1 0.5449995E+02
   2 0.5453252E+02
   1 0.5364051E+02
   3 0.5396507E+02
   1 0.5448118E+02
   2 0.5451483E+02
   3 0.5403239E+02
   1 0.5367780E+02
   1 0.3824802E+02
   3 0.5356546E+02
   2 0.5423540E+02
   3 0.5400086E+02
   3 0.5548884E+02
   1 0.5398186E+02
   2 0.5423911E+02
   3 0.5457355E+02
   2 0.5396143E+02
   1 0.5408078E+02
   2 0.5457015E+02
   3 0.5450734E+02
   3 0.5421354E+02
   1 0.5430094E+02
   2 0.5455271E+02
   1 0.5439228E+02
   1 0.5485449E+02
   1 0.5374549E+02
   3 0.5410216E+02
   2 0.5375551E+02
   1 0.5414861E+02
   3 0.5405848E+02
   2 0.5502407E+02
   3 0.5388265E+02
   3 0.5438701E+02
   1 0.5455358E+02
   2 0.5448261E+02
   3 0.5424372E+02
   1 0.5472287E+02
   3 0.5335512E+02
   1 0.5496806E+02
   2 0.5511028E+02
   3 0.2318964E+02
   1 0.5469552E+02
   2 0.4010353E+02
   1 0.5483372E+02
   3 0.5375414E+02
   2 0.5436040E+02
   1 0.5417749E+02
   3 0.5545827E+02
   2 0.5468635E+02
   1 0.5448809E+02
   3 0.5389260E+02
   2 0.5536350E+02
   1 0.5412834E+02
   3 0.5427740E+02
   3 0.5398182E+02
   2 0.5473952E+02
   1 0.5468043E+02
   3 0.5401769E+02
   2 0.5483009E+02
   1 0.5417121E+02
   3 0.5479993E+02
   2 0.5370958E+02
   1 0.5519948E+02
   3 0.5404654E+02
   1 0.5443802E+02
   1 0.5434121E+02
   3 0.5426226E+02
   2 0.5478937E+02
   1 0.5413491E+02
   2 0.5366542E+02
   3 0.5415661E+02
   1 0.5405038E+02
   3 0.5402627E+02
   3 0.5449352E+02
   2 0.5533667E+02
   1 0.5449157E+02
   3 0.5411385E+02
   2 0.5469995E+02
   1 0.5402881E+02
   2 0.5481554E+02
   3 0.5444416E+02
   1 0.5420648E+02
   3 0.5515565E+02
   2 0.5482835E+02
   3 0.9447758E+01
   1 0.5454397E+02
   2 0.5484433E+02
   3 0.5427070E+02
   1 0.5492823E+02
   3 0.3009739E+02
   2 0.5476253E+02
   1 0.5374682E+02
   2 0.5466375E+02
   2 0.5523146E+02
   3 0.5444079E+02
   1 0.5431466E+02
   2 0.5462165E+02
   2 0.5283281E+02
   3 0.5492604E+02
   1 0.5452893E+02
   3 0.5533838E+02
   2 0.5429468E+02
   1 0.5518185E+02
   3 0.5391336E+02
   2 0.5394585E+02
   1 0.5529021E+02
   3 0.5457422E+02
   2 0.5455525E+02
   2 0.5501576E+02
   1 0.5447864E+02
   2 0.5455032E+02
   3 0.5419895E+02
   3 0.5167371E+02
   3 0.5478322E+02
   3 0.5557493E+02
   1 0.5374844E+02
   2 0.5451013E+02
   2 0.5446232E+02
   3 0.5417226E+02
   1 0.5392898E+02
   3 0.5355210E+02
   2 0.5443214E+02
   1 0.5462404E+02
   3 0.5445297E+02
   3 0.5506760E+02
   2 0.5389704E+02
   2 0.5452159E+02
   1 0.5456052E+02
   3 0.5440906E+02
   2 0.5402884E+02
   2 0.5466583E+02
   1 0.5511412E+02
   3 0.5429524E+02
   2 0.5441018E+02
   3 0.5467764E+02
   1 0.5480999E+02
   2 0.5461531E+02
   3 0.5436842E+02
   1 0.5409533E+02
   2 0.5431340E+02
   3 0.5398628E+02
   1 0.5437395E+02
   1 0.5210905E+02
   2 0.5464483E+02
   3 0.5401989E+02
   3 0.5396896E+02
   1 0.5489524E+02
   2 0.5456683E+02
   2 0.5420234E+02
   3 0.5446791E+02
   3 0.5448450E+02
   1 0.5450411E+02
   2 0.5431847E+02
   3 0.5406886E+02
   1 0.5400211E+02
   1 0.5442980E+02
   2 0.5467014E+02
   1 0.5491154E+02
   3 0.5431244E+02
   2 0.5416770E+02
   1 0.5424998E+02
   1 0.5476241E+02
   3 0.5427091E+02
   2 0.5418131E+02
   1 0.5421823E+02
   2 0.5465486E+02
   3 0.5432419E+02
   1 0.5392047E+02
   2 0.5419508E+02
   3 0.5413455E+02
   2 0.5482476E+02
   1 0.5421068E+02
   3 0.5396156E+02
   2 0.5442480E+02
   1 0.5439140E+02
   1 0.5550343E+02
   3 0.5412488E+02
   2 0.5436944E+02
   3 0.5445311E+02
   1 0.5415667E+02
   1 0.4467745E+02
   3 0.5373013E+02
   3 0.5451804E+02
   2 0.5474018E+02
   3 0.5410355E+02
   1 0.5431207E+02
   3 0.5430971E+02
   2 0.5441635E+02
   1 0.5416574E+02
   1 0.5526791E+02
   1 0.5467621E+02
   3 0.5444705E+02
   2 0.5377458E+02
   3 0.3027273E+02
   2 0.5430104E+02
   2 0.5513782E+02
   1 0.5448130E+02
   2 0.5382987E+02
   3 0.5382564E+02
   1 0.5464631E+02
   2 0.5400066E+02
   1 0.5493006E+02
   2 0.5459285E+02
   3 0.5468701E+02
   1 0.5485759E+02
   3 0.5087961E+02
   2 0.5459395E+02
   2 0.5444562E+02
   1 0.5421950E+02
   3 0.5408939E+02
   1 0.5449460E+02
   1 0.3222076E+02
   2 0.5414116E+02
   2 0.5164393E+02
   3 0.5411767E+02
   1 0.5418240E+02
   2 0.5462680E+02
   3 0.5398211E+02
   1 0.5407874E+02
   2 0.5391010E+02
   2 0.5468057E+02
   3 0.5428217E+02
   1 0.5474208E+02
   3 0.5383270E+02
   2 0.5418346E+02
   1 0.5504974E+02
   3 0.5412001E+02
   2 0.5485189E+02
   1 0.5410259E+02
   3 0.5473166E+02
   1 0.5492126E+02
   2 0.5452256E+02
   2 0.5400751E+02
   3 0.5483223E+02
   2 0.5369070E+02
   1 0.5407092E+02
   3 0.5388353E+02
   2 0.5403198E+02
   1 0.5441734E+02
   3 0.5390644E+02
   2 0.5470860E+02
   1 0.5454312E+02
   1 0.5452705E+02
   1 0.5399988E+02
   3 0.5392238E+02
   2 0.5435682E+02
   1 0.5427821E+02
   3 0.5471168E+02
   2 0.5351588E+02
   2 0.5352106E+02
   2 0.4957653E+02
   1 0.5480127E+02
   1 0.5466927E+02
   3 0.5470210E+02
   3 0.5449924E+02
   2 0.5416821E+02
   1 0.5404554E+02
   1 0.5369208E+02
   3 0.5407560E+02
   2 0.5433753E+02
   1 0.5438929E+02
   3 0.5434059E+02
   3 0.5503056E+02
   2 0.5414275E+02
   3 0.5440745E+02
   1 0.5451774E+02
   1 0.5496426E+02
   2 0.5487526E+02
   2 0.5441130E+02
   3 0.5382654E+02
   2 0.5427667E+02
   3 0.5465829E+02
   1 0.5462261E+02
   2 0.5428882E+02
   3 0.5369315E+02
   3 0.5445648E+02
   1 0.5471117E+02
   3 0.5459550E+02
   3 0.5384194E+02
   2 0.5368605E+02
   3 0.5394704E+02
   1 0.5462877E+02
   2 0.5462551E+02
   3 0.5386412E+02
   1 0.5453091E+02
   2 0.5421296E+02
   3 0.5423691E+02
   1 0.5511343E+02
   3 0.5468614E+02
   1 0.5437674E+02
   3 0.4335901E+02
   1 0.5423287E+02
   2 0.5406678E+02
   3 0.5441414E+02
   1 0.5504365E+02
   2 0.5410550E+02
   1 0.5425381E+02
   3 0.5420674E+02
   3 0.5487318E+02
   2 0.5379294E+02
   1 0.5452886E+02
   1 0.5490713E+02
   2 0.5355938E+02
   3 0.5408753E+02
   3 0.5488934E+02
   1 0.5413408E+02
   2 0.5376411E+02
   3 0.5432808E+02
   1 0.5403225E+02
   2 0.5410378E+02
   3 0.5409292E+02
   1 0.5406842E+02
   2 0.5474471E+02
   2 0.5350907E+02
   3 0.5419575E+02
   1 0.5467570E+02
   3 0.5437354E+02
   2 0.5461826E+02
   3 0.5446280E+02
   3 0.5491881E+02
   3 0.5364264E+02
   1 0.5423741E+02
   3 0.5497132E+02
   2 0.5431667E+02
   1 0.5462720E+02
   3 0.5359535E+02
   2 0.5441309E+02
   1 0.5476591E+02
   3 0.5388366E+02
   1 0.5500823E+02
   2 0.5462674E+02
   1 0.5539807E+02
   3 0.5388965E+02
   2 0.5445509E+02
   1 0.5447243E+02
   3 0.5446174E+02
   2 0.5415277E+02
   1 0.5458522E+02
   2 0.5515943E+02
   2 0.5422840E+02
   3 0.5399398E+02
   3 0.5241477E+02
   3 0.5476209E+02
   1 0.5511553E+02
   2 0.5476468E+02
   2 0.1072190E+02
   3 0.5362563E+02
   1 0.5410891E+02
   3 0.5479542E+02
   1 0.5427976E+02
   2 0.5430159E+02
   1 0.5431933E+02
   2 0.5462009E+02
   2 0.5356031E+02
   3 0.5422532E+02
   1 0.5445807E+02
   1 0.5477897E+02
   1 0.5578532E+02
   2 0.5429263E+02
   3 0.5470511E+02
   1 0.5417381E+02
   3 0.5506573E+02
   3 0.4471725E+02
   1 0.5423991E+02
   2 0.5478237E+02
   1 0.5400209E+02
   3 0.5374261E+02
   3 0.5431304E+02
   1 0.5330388E+02
   3 0.5560839E+02
   2 0.5433830E+02
   1 0.5440962E+02
   1 0.5362569E+02
   3 0.5403190E+02
   2 0.5436527E+02
   3 0.5461895E+02
   2 0.5487513E+02
   1 0.5449786E+02
   3 0.5413530E+02
   2 0.5407197E+02
   1 0.5447191E+02
   3 0.5519748E+02
   2 0.5469757E+02
   1 0.5451731E+02
   3 0.5492882E+02
   2 0.5455849E+02
   1 0.5422132E+02
   3 0.5486966E+02
   2 0.5431524E+02
   1 0.5437749E+02
   1 0.5456583E+02
   3 0.5431597E+02
   2 0.5428463E+02
   1 0.5414703E+02
   3 0.5446076E+02
   2 0.5447223E+02
   1 0.5415216E+02
   2 0.5436097E+02
   1 0.5469293E+02
   3 0.5465258E+02
   2 0.5407096E+02
   2 0.5510382E+02
   1 0.5438271E+02
   2 0.5509431E+02
   3 0.5397749E+02
   2 0.5432442E+02
   3 0.5374417E+02
   1 0.5427821E+02
   2 0.5422462E+02
   3 0.5457903E+02
   2 0.5461390E+02
   3 0.5444729E+02
   1 0.5379078E+02
   1 0.5350679E+02
   1 0.5356823E+02
   3 0.5413046E+02
   2 0.5422772E+02
   3 0.5378623E+02
   2 0.5360809E+02
   1 0.5492828E+02
   3 0.5446264E+02
   2 0.5401827E+02
   1 0.5401085E+02
   1 0.5367968E+02
   1 0.5449685E+02
   3 0.5435978E+02
   2 0.5431767E+02
   3 0.4495134E+02
   1 0.5383398E+02
   2 0.5573106E+02
   3 0.4391385E+02
   3 0.5436033E+02
   2 0.5358461E+02
   3 0.5481309E+02
   2 0.5472146E+02
   2 0.5509111E+02
   1 0.5460496E+02
   2 0.5461884E+02
   3 0.5469091E+02
   3 0.5296410E+02
   1 0.5420483E+02
   2 0.5506112E+02
   3 0.5451202E+02
   3 0.5380320E+02
   1 0.5431309E+02
   2 0.5487970E+02
   3 0.5416383E+02
   1 0.5476573E+02
   2 0.5392693E+02
   1 0.5405328E+02
   3 0.5340362E+02
   2 0.5440286E+02
   1 0.5486380E+02
   3 0.5404261E+02
   1 0.5387129E+02
   2 0.5404198E+02
   3 0.5496835E+02
   3 0.5483047E+02
   1 0.5396340E+02
   2 0.5451446E+02
   3 0.5493746E+02
   3 0.5367775E+02
   1 0.5463393E+02
   2 0.5500060E+02
   3 0.5484699E+02
   1 0.5440992E+02
   2 0.5417745E+02
   2 0.5511601E+02
   3 0.5392230E+02
   3 0.5477579E+02
   1 0.5422098E+02
   3 0.5464984E+02
   2 0.5410516E+02
   1 0.5470726E+02
   2 0.5512675E+02
   1 0.5445414E+02
   2 0.5431480E+02
   3 0.5384422E+02
   2 0.5364930E+02
   1 0.5447301E+02
   1 0.5322507E+02
   3 0.5441054E+02
   2 0.5433011E+02
   3 0.5480437E+02
   3 0.5445210E+02
   1 0.5431564E+02
   2 0.5365389E+02
   3 0.5464569E+02
   1 0.5388128E+02
   2 0.5381151E+02
   3 0.5423943E+02
   1 0.5422836E+02
   2 0.5514229E+02
   3 0.5464008E+02
   2 0.5518029E+02
   3 0.5472838E+02
   1 0.5428934E+02
   1 0.4681569E+02
   1 0.5527776E+02
   2 0.5495743E+02
   2 0.5459963E+02
   3 0.5423087E+02
   1 0.5434450E+02
   1 0.5435588E+02
   2 0.5441884E+02
   3 0.5478528E+02
   2 0.5492162E+02
   1 0.5424503E+02
   3 0.5452934E+02
   1 0.5378174E+02
   2 0.5507614E+02
   1 0.5421317E+02
   3 0.5439372E+02
   2 0.5440547E+02
   1 0.5447200E+02
   2 0.5494448E+02
   1 0.5374608E+02
   1 0.5480572E+02
   3 0.5421683E+02
   3 0.5507475E+02
   2 0.5397018E+02
   1 0.5445921E+02
   3 0.5460445E+02
   2 0.5452064E+02
   1 0.5451090E+02
   1 0.5481700E+02
   3 0.5390967E+02
   3 0.5457505E+02
   2 0.5430145E+02
   1 0.5328653E+02
   1 0.5405163E+02
   3 0.5381814E+02
   2 0.5482926E+02
   1 0.5416040E+02
   3 0.5375017E+02
   2 0.5448162E+02
   3 0.5444056E+02
   1 0.5442931E+02
   3 0.5375178E+02
   3 0.5508672E+02
   3 0.5413875E+02
   2 0.5385127E+02
   1 0.5476341E+02
   1 0.5521411E+02
   1 0.5054574E+02
   3 0.5502621E+02
   3 0.5487852E+02
   2 0.5404444E+02
   1 0.5448812E+02
   2 0.5418637E+02
   3 0.5394557E+02
   1 0.5407389E+02
   1 0.5433769E+02
   2 0.5443751E+02
   3 0.5429520E+02
   1 0.5474136E+02
   1 0.5532656E+02
   1 0.5430179E+02
   1 0.5460386E+02
   2 0.5516032E+02
   3 0.5392238E+02
   1 0.5429486E+02
   1 0.5359197E+02
   2 0.5419785E+02
   3 0.5431815E+02
   2 0.5345535E+02
   1 0.5423965E+02
   2 0.5472661E+02
   2 0.5424667E+02
   1 0.5407665E+02
   2 0.5373564E+02
   3 0.5429969E+02
   1 0.5436139E+02
   2 0.5481899E+02
   3 0.5505809E+02
   2 0.5451239E+02
   1 0.5402920E+02
   1 0.5397833E+02
   3 0.5481989E+02
   2 0.5373700E+02
   2 0.5339695E+02
   1 0.5464414E+02
   3 0.5465748E+02
   2 0.5461975E+02
   2 0.5432715E+02
   1 0.5451637E+02
   3 0.5499914E+02
   2 0.5427105E+02
   1 0.5417082E+02
   3 0.5457913E+02
   3 0.5474582E+02
   1 0.5385070E+02
   3 0.5361775E+02
   1 0.3564591E+02
   2 0.5414706E+02
   3 0.5415458E+02
   1 0.5404799E+02
   3 0.5456915E+02
   2 0.5437909E+02
   2 0.5473003E+02
   1 0.5454771E+02
   3 0.5473689E+02
   2 0.5484574E+02
   1 0.5461782E+02
   3 0.5430536E+02
   3 0.4460122E+02
   3 0.5448865E+02
   2 0.5450730E+02
   3 0.5489090E+02
   1 0.5376449E+02
   2 0.5471462E+02
   3 0.5506513E+02
   2 0.5446163E+02
   3 0.5465319E+02
   1 0.5435897E+02
   2 0.5388779E+02
   3 0.5373378E+02
   1 0.5430990E+02
   2 0.5451246E+02
   3 0.5470292E+02
   1 0.5424215E+02
   2 0.5443683E+02
   3 0.5446444E+02
   1 0.5416149E+02
   1 0.4115922E+02
   3 0.5496503E+02
   2 0.5395671E+02
   2 0.5524130E+02
   2 0.5406690E+02
   1 0.5460806E+02
   3 0.5397400E+02
   1 0.5430043E+02
   1 0.5444280E+02
   1 0.1230773E+02
   2 0.5445779E+02
   1 0.5399218E+02
   3 0.5386177E+02
   2 0.5361750E+02
   2 0.5435347E+02
   1 0.5345742E+02
   3 0.5353921E+02
   2 0.5447331E+02
   1 0.5406218E+02
   3 0.5455606E+02
   2 0.5464497E+02
   1 0.5429878E+02
   3 0.5512621E+02
   3 0.5436739E+02
   3 0.5462411E+02
   2 0.5475477E+02
   1 0.5488327E+02
   3 0.5442796E+02
   2 0.5438483E+02
   1 0.5422332E+02
   2 0.5458221E+02
   3 0.5407876E+02
   3 0.9596728E+01
   3 0.2924867E+02
   1 0.5443479E+02
   2 0.5432882E+02
   2 0.5340059E+02
   3 0.5442735E+02
   2 0.5438140E+02
   1 0.5502321E+02
   3 0.5375537E+02
   2 0.5395655E+02
   1 0.5433815E+02
   3 0.5370361E+02
   2 0.5427025E+02
   1 0.5415505E+02
   3 0.5467803E+02
   2 0.5437058E+02
   2 0.5238031E+02
   1 0.5443904E+02
   3 0.5480329E+02
   2 0.5422079E+02
   3 0.5376521E+02
   1 0.5404372E+02
   1 0.5370962E+02
   2 0.5425215E+02
   3 0.5456532E+02
   3 0.5371268E+02
   1 0.5402702E+02
   1 0.5318201E+02
   2 0.5453445E+02
   3 0.5422434E+02
   1 0.5411050E+02
   2 0.5449389E+02
   3 0.5453702E+02
   1 0.5432189E+02
   3 0.5411189E+02
   2 0.5477995E+02
   1 0.5418442E+02
   2 0.5438073E+02
   3 0.5465906E+02
   2 0.5383312E+02
   3 0.5364162E+02
   3 0.5415131E+02
   1 0.5427218E+02
   3 0.2752426E+02
   1 0.5447688E+02
   2 0.5451097E+02
   3 0.5500115E+02
   1 0.5449889E+02
   2 0.5398085E+02
   2 0.5529546E+02
   3 0.5460560E+02
   3 0.5472259E+02
   1 0.5430437E+02
   2 0.5409586E+02
   3 0.5424064E+02
   1 0.5440576E+02
   3 0.5465957E+02
   2 0.5419012E+02
   2 0.5486489E+02
   3 0.5394379E+02
   1 0.5379517E+02
   1 0.5426916E+02
   1 0.5475270E+02
   2 0.5387055E+02
   3 0.5434438E+02
   3 0.5430736E+02
   2 0.5503865E+02
   2 0.5489607E+02
   1 0.5425352E+02
   3 0.5410217E+02
   2 0.5440444E+02
   2 0.5497391E+02
   1 0.5338862E+02
   2 0.5465025E+02
   2 0.5390437E+02
   3 0.5455407E+02
   1 0.5378579E+02
   1 0.5515622E+02
   1 0.5399157E+02
   1 0.5480824E+02
   3 0.5406774E+02
   2 0.5448642E+02
   1 0.5461717E+02
   3 0.5466137E+02
   2 0.5379388E+02
   1 0.5460744E+02
   1 0.5509712E+02
   3 0.5463065E+02
   2 0.5415346E+02
   3 0.5482100E+02
   1 0.5400113E+02
   3 0.5349852E+02
   2 0.5446484E+02
   2 0.4046244E+02
   1 0.5441223E+02
   3 0.5508622E+02
   2 0.5461767E+02
   1 0.5475663E+02
   3 0.5406941E+02
   2 0.5429762E+02
   1 0.5468947E+02
   3 0.5388791E+02
   1 0.5103331E+02
   3 0.5482059E+02
   2 0.5392511E+02
   1 0.5425348E+02
   3 0.5442696E+02
   3 0.5478986E+02
   2 0.5509737E+02
   1 0.5454751E+02
   2 0.5376160E+02
   3 0.5466732E+02
   1 0.5373308E+02
   3 0.3747017E+02
   1 0.4004387E+02
   3 0.5519157E+02
   2 0.5426531E+02
   1 0.5410603E+02
   3 0.5463810E+02
   1 0.5497302E+02
   1 0.3237897E+02
   2 0.5443540E+02
   2 0.5354604E+02
   2 0.5359154E+02
   3 0.5398190E+02
   1 0.5501907E+02
   2 0.5393304E+02
   3 0.5481300E+02
   1 0.5474847E+02
   3 0.5365464E+02
   3 0.5495716E+02
   2 0.5426629E+02
   1 0.5462742E+02
   2 0.5462509E+02
   2 0.5486477E+02
   3 0.5441392E+02
   1 0.5497914E+02
   2 0.5455104E+02
   3 0.5421584E+02
   2 0.3199441E+02
   3 0.5419009E+02
   1 0.5472215E+02
   2 0.5476319E+02
   3 0.5416705E+02
   2 0.5480602E+02
   1 0.5443392E+02
   3 0.5417372E+02
   2 0.5456794E+02
   1 0.5414398E+02
   3 0.5446745E+02
   2 0.5510351E+02
   3 0.5477400E+02
   3 0.2318752E+01
   2 0.5405130E+02
   1 0.5442968E+02
   2 0.5443832E+02
   3 0.5447741E+02
   2 0.5507187E+02
   3 0.5476191E+02
   2 0.5470055E+02
   3 0.5511784E+02
   1 0.5408399E+02
   2 0.5426572E+02
   3 0.5407605E+02
   1 0.5442887E+02
   2 0.5485388E+02
   2 0.5461240E+02
   3 0.5433912E+02
   1 0.5469199E+02
   3 0.2990030E+02
   2 0.5480096E+02
   1 0.5471027E+02
   3 0.5487965E+02
   2 0.5408745E+02
   2 0.5516588E+02
   1 0.5457412E+02
   3 0.5425540E+02
   1 0.5519271E+02
   2 0.5411423E+02
   3 0.5460177E+02
   1 0.5475485E+02
   2 0.5469491E+02
   1 0.5518856E+02
   2 0.5422482E+02
   2 0.5425723E+02
   3 0.5391438E+02
   2 0.5387633E+02
   1 0.5407073E+02
   3 0.5489571E+02
   2 0.5446475E+02
   1 0.5431303E+02
   3 0.5437447E+02
   3 0.5476763E+02
   2 0.5452964E+02
   1 0.5410942E+02
   2 0.5526574E+02
   1 0.5325605E+02
   3 0.5425865E+02
   2 0.5434629E+02
   3 0.5446049E+02
   2 0.4489429E+02
   1 0.5438686E+02
   3 0.4840413E+02
   2 0.5527635E+02
   1 0.5465946E+02
   3 0.5461569E+02
   2 0.5436505E+02
   2 0.5096299E+02
   1 0.5391444E+02
   2 0.5456645E+02
   2 0.5527766E+02
   2 0.5615087E+02
   3 0.5423457E+02
   1 0.5381338E+02
   2 0.5394671E+02
   3 0.5452084E+02
   2 0.5423010E+02
   1 0.5425463E+02
   3 0.5465449E+02
   1 0.5472890E+02
   3 0.5428774E+02
   2 0.5494335E+02
   1 0.5414372E+02
   3 0.5512698E+02
   2 0.5466210E+02
   2 0.5479068E+02
   2 0.5393481E+02
   1 0.5463422E+02
   3 0.5439180E+02
   2 0.5444925E+02
   1 0.5515779E+02
   3 0.5432518E+02
   1 0.5485972E+02
   2 0.5447829E+02
   3 0.5446019E+02
   1 0.5398181E+02
   3 0.5404080E+02
   2 0.5478087E+02
   1 0.5493805E+02
   3 0.5440916E+02
   2 0.5395297E+02
   1 0.5439763E+02
   3 0.5475250E+02
   1 0.5422664E+02
   2 0.5483913E+02
   3 0.5420507E+02
   2 0.5496182E+02
   1 0.5445184E+02
   3 0.5420097E+02
   1 0.5481701E+02
   2 0.5467267E+02
   3 0.5407448E+02
   2 0.4353993E+02
   1 0.5422464E+02
   3 0.5463594E+02
   2 0.5419931E+02
   1 0.5448337E+02
   2 0.5548482E+02
   3 0.5387431E+02
   1 0.5457836E+02
   2 0.5402460E+02
   3 0.5452057E+02
   1 0.5460261E+02
   2 0.5423468E+02
   3 0.5476116E+02
   1 0.5417698E+02
   2 0.5453806E+02
   3 0.5426336E+02
   1 0.5479048E+02
   2 0.5501647E+02
   3 0.5429342E+02
   1 0.5427576E+02
   2 0.5407255E+02
   1 0.5536402E+02
   3 0.5408886E+02
   2 0.5417241E+02
   1 0.5453150E+02
   2 0.5410721E+02
   1 0.5462215E+02
   2 0.5411739E+02
   3 0.5460283E+02
   1 0.5446372E+02
   2 0.5405704E+02
   3 0.5464918E+02
   2 0.5376339E+02
   2 0.4280864E+02
   1 0.5468119E+02
   1 0.5482067E+02
   3 0.5388122E+02
   2 0.5414880E+02
   2 0.5411756E+02
   1 0.5486320E+02
   3 0.5405940E+02
   1 0.5502099E+02
   1 0.5525104E+02
   1 0.5508394E+02
   2 0.5446484E+02
   3 0.5412922E+02
   3 0.4327405E+02
   1 0.5432189E+02
   2 0.5453083E+02
   3 0.5385463E+02
   1 0.5407412E+02
   3 0.5370441E+02
   2 0.5427897E+02
   1 0.5469919E+02
   3 0.5459924E+02
   2 0.5458745E+02
   1 0.5448992E+02
   3 0.5372078E+02
   2 0.5461714E+02
   1 0.5539579E+02
   1 0.5434658E+02
   2 0.5497007E+02
   3 0.5413914E+02
   3 0.5523379E+02
   1 0.5537658E+02
   2 0.5473361E+02
   3 0.5423514E+02
   1 0.5441276E+02
   2 0.5437947E+02
   1 0.5442410E+02
   1 0.5453169E+02
   3 0.5483595E+02
   2 0.5393119E+02
   1 0.5413051E+02
   3 0.5378877E+02
   2 0.5412062E+02
   1 0.5431450E+02
   1 0.5431396E+02
   1 0.5572306E+02
   3 0.5435167E+02
   1 0.4385313E+02
   2 0.5431239E+02
   1 0.5372286E+02
   1 0.5450197E+02
   3 0.5488219E+02
   2 0.5429105E+02
   3 0.5377700E+02
   3 0.5358312E+02
   1 0.5512144E+02
   3 0.5479397E+02
   2 0.5448306E+02
   1 0.5444859E+02
   3 0.5425994E+02
   2 0.5423549E+02
   1 0.5451946E+02
   3 0.5489187E+02
   3 0.5361097E+02
   2 0.5405049E+02
   3 0.5518232E+02
   2 0.5468578E+02
   3 0.5369276E+02
   1 0.5434551E+02
   3 0.5353088E+02
   2 0.5440219E+02
   1 0.5428756E+02
   3 0.5489114E+02
   2 0.5491314E+02
   1 0.5475397E+02
   2 0.5397573E+02
   2 0.5459913E+02
   3 0.5455828E+02
   2 0.5553283E+02
   3 0.5543876E+02
   1 0.5431761E+02
   2 0.5459353E+02
   3 0.5418467E+02
   1 0.5431584E+02
   3 0.5478574E+02
   2 0.5387332E+02
   1 0.5472447E+02
   3 0.5499062E+02
   2 0.5406161E+02
   2 0.3035526E+02
   1 0.5512213E+02
   3 0.5478215E+02
   2 0.5415863E+02
   1 0.5427150E+02
   1 0.5453026E+02
   3 0.5483101E+02
   2 0.5459603E+02
   1 0.5366197E+02
   3 0.5409750E+02
   1 0.5394280E+02
   2 0.5443785E+02
   1 0.5345907E+02
   3 0.5443495E+02
   2 0.5429571E+02
   1 0.5437439E+02
   3 0.5376391E+02
   2 0.5383529E+02
   1 0.5383402E+02
   2 0.5506421E+02
   3 0.5430122E+02
   1 0.5439867E+02
   2 0.5441797E+02
   3 0.5359430E+02
   1 0.5416155E+02
   2 0.5426583E+02
   1 0.5457154E+02
   3 0.5421131E+02
   3 0.5472905E+02
   3 0.5497387E+02
   2 0.5428758E+02
   2 0.7315003E+01
   1 0.5475102E+02
   2 0.5433980E+02
   3 0.5447004E+02
   1 0.5433968E+02
   2 0.5455602E+02
   3 0.5405878E+02
   3 0.5423560E+02
   1 0.5448660E+02
   2 0.5414464E+02
   2 0.1442895E+02
   3 0.5417277E+02
   1 0.5476796E+02
   2 0.5394929E+02
   2 0.5462124E+02
   3 0.5450988E+02
   1 0.5401638E+02
   2 0.5434626E+02
   3 0.5526442E+02
