   3 0.6207286E+02
   3 0.6415315E+02
   2 0.6290296E+02
   1 0.6280519E+02
   2 0.6253714E+02
   3 0.6230281E+02
   2 0.6174650E+02
   3 0.4289248E+02
   1 0.6346813E+02
   3 0.6265215E+02
   3 0.6330158E+02
   2 0.6298914E+02
   2 0.6296665E+02
   1 0.6297447E+02
   1 0.6334343E+02
   3 0.6306126E+02
   3 0.6267408E+02
   2 0.6283158E+02
   2 0.6391999E+02
   3 0.6283577E+02
   1 0.6321137E+02
   2 0.6304079E+02
   3 0.6284657E+02
   3 0.6363625E+02
   1 0.6339196E+02
   3 0.6263184E+02
   2 0.6346574E+02
   1 0.6235315E+02
   3 0.6257597E+02
   2 0.6266454E+02
   1 0.6304961E+02
   1 0.6271613E+02
   3 0.6266028E+02
   2 0.6271491E+02
   3 0.6334494E+02
   3 0.6243353E+02
   1 0.6337016E+02
   1 0.4571104E+02
   2 0.6318259E+02
   1 0.6199391E+02
   3 0.6314235E+02
   1 0.6307145E+02
   3 0.6279645E+02
   2 0.6253258E+02
   3 0.6281131E+02
   3 0.6235486E+02
   1 0.6307835E+02
   3 0.4857608E+02
   2 0.6310953E+02
   2 0.6268317E+02
   1 0.6256002E+02
   1 0.6219952E+02
   3 0.6246875E+02
   2 0.6261726E+02
   2 0.2856865E+02
   1 0.6279233E+02
   3 0.6288712E+02
   2 0.6335970E+02
   1 0.6260367E+02
   3 0.6292399E+02
   3 0.6337125E+02
   2 0.6262356E+02
   2 0.6204360E+02
   1 0.6227704E+02
   1 0.6282121E+02
   3 0.6275350E+02
   3 0.6282971E+02
   2 0.6243815E+02
   1 0.6286448E+02
   1 0.6282272E+02
   2 0.6292954E+02
   3 0.6259563E+02
   3 0.6332258E+02
   3 0.6256397E+02
   1 0.6302190E+02
   3 0.6298680E+02
   2 0.6334871E+02
   1 0.6280484E+02
   2 0.6258971E+02
   1 0.6210098E+02
   3 0.6271530E+02
   2 0.6341583E+02
   1 0.6238600E+02
   3 0.6259170E+02
   2 0.6254160E+02
   1 0.6271170E+02
   1 0.6280083E+02
   3 0.6274709E+02
   2 0.6270988E+02
   3 0.6249696E+02
   2 0.6236124E+02
   1 0.6265946E+02
   3 0.7499174E+01
   2 0.6302478E+02
   2 0.6155117E+02
   1 0.6252590E+02
   3 0.6309281E+02
   1 0.6273815E+02
   1 0.6296641E+02
   2 0.6287852E+02
   3 0.6285849E+02
   1 0.6277830E+02
   1 0.6290673E+02
   1 0.1398881E+02
   2 0.6285677E+02
   1 0.6353594E+02
   3 0.6248483E+02
   1 0.6225680E+02
   2 0.6271281E+02
   3 0.6245877E+02
   1 0.6253052E+02
   1 0.6308838E+02
   2 0.6262871E+02
   2 0.6252988E+02
   3 0.6291026E+02
   1 0.6314571E+02
   1 0.6263289E+02
   2 0.6273019E+02
   1 0.6365619E+02
   2 0.6271401E+02
   3 0.6318943E+02
   3 0.6266087E+02
   1 0.6269567E+02
   2 0.6252518E+02
   3 0.6249954E+02
   3 0.6258509E+02
   1 0.6285130E+02
   3 0.6333084E+02
   2 0.6248259E+02
   1 0.6296999E+02
   2 0.5993998E+02
   1 0.6247255E+02
   3 0.6260548E+02
   2 0.6312723E+02
   1 0.6322034E+02
   1 0.6207227E+02
   3 0.6307174E+02
   3 0.6271639E+02
   2 0.6315978E+02
   3 0.6370057E+02
   2 0.6219565E+02
   3 0.6301672E+02
   1 0.6285011E+02
   2 0.6254649E+02
   1 0.6252674E+02
   3 0.6222166E+02
   1 0.6240950E+02
   2 0.6353953E+02
   2 0.6310588E+02
   3 0.6308997E+02
   2 0.5607313E+02
   1 0.6319439E+02
   1 0.6354487E+02
   3 0.6282396E+02
   1 0.6319072E+02
   3 0.6244420E+02
   2 0.6325533E+02
   1 0.6311521E+02
   3 0.6252758E+02
   2 0.6268642E+02
   1 0.6290095E+02
   3 0.6251524E+02
   1 0.6336359E+02
   1 0.6369329E+02
   2 0.6293655E+02
   3 0.6305646E+02
   1 0.6269709E+02
   2 0.6287963E+02
   1 0.6252501E+02
   3 0.6294453E+02
   2 0.6235937E+02
   1 0.6309172E+02
   2 0.6264954E+02
   1 0.6288690E+02
   3 0.6282852E+02
   1 0.6297387E+02
   2 0.6286693E+02
   3 0.6259621E+02
   1 0.6272969E+02
   3 0.6331203E+02
   2 0.6275675E+02
   3 0.6319588E+02
   2 0.6313659E+02
   1 0.6311298E+02
   1 0.5932055E+02
   3 0.6312518E+02
   2 0.6256553E+02
   2 0.6377962E+02
   1 0.6291157E+02
   3 0.6330833E+02
   2 0.6290817E+02
   1 0.6250879E+02
   3 0.6268289E+02
   2 0.6250731E+02
   1 0.6257145E+02
   1 0.6298710E+02
   3 0.6268964E+02
   3 0.6298550E+02
   2 0.6289301E+02
   2 0.6314133E+02
   1 0.6281730E+02
   2 0.6100310E+02
   1 0.6239313E+02
   3 0.6284713E+02
   2 0.6292442E+02
   2 0.5748677E+02
   1 0.6251700E+02
   3 0.6310208E+02
   1 0.6218012E+02
   2 0.6314296E+02
   3 0.6301034E+02
   1 0.6255218E+02
   1 0.6359136E+02
   2 0.6304326E+02
   1 0.6296919E+02
   2 0.6318741E+02
   1 0.6265934E+02
   3 0.6275726E+02
   1 0.6313623E+02
   3 0.6338408E+02
   2 0.6292931E+02
   1 0.6278174E+02
   3 0.6376541E+02
   2 0.6335730E+02
   3 0.6269837E+02
   2 0.6314664E+02
   1 0.6302077E+02
   3 0.6250044E+02
   3 0.6351224E+02
   3 0.6277118E+02
   2 0.6313448E+02
   1 0.6302424E+02
   3 0.6284136E+02
   2 0.6315012E+02
   3 0.6333988E+02
   1 0.6323398E+02
   3 0.6226355E+02
   3 0.6377855E+02
   2 0.6278485E+02
   1 0.6294897E+02
   1 0.6305777E+02
   1 0.6278006E+02
   3 0.6227796E+02
   2 0.6257486E+02
   3 0.6230383E+02
   2 0.6293819E+02
   3 0.6294253E+02
   2 0.6319578E+02
   1 0.6255734E+02
   3 0.6351344E+02
   2 0.6311315E+02
   3 0.6309575E+02
   1 0.6259987E+02
   3 0.6213553E+02
   1 0.6318224E+02
   1 0.6312359E+02
   2 0.6318487E+02
   2 0.6317726E+02
   3 0.6361455E+02
   2 0.6262089E+02
   3 0.6270642E+02
   1 0.6293013E+02
   2 0.6362937E+02
   3 0.6254784E+02
   1 0.6319936E+02
   2 0.6336163E+02
   3 0.6331108E+02
   3 0.6289064E+02
   3 0.6263378E+02
   2 0.6257129E+02
   1 0.6260274E+02
   2 0.6349702E+02
   2 0.6302458E+02
   3 0.6319621E+02
   2 0.6239135E+02
   2 0.6262510E+02
   1 0.6314326E+02
   1 0.6236617E+02
   3 0.6334373E+02
   3 0.6314261E+02
   2 0.6261284E+02
   2 0.2800951E+02
   1 0.6268096E+02
   3 0.6329850E+02
   2 0.6257075E+02
   1 0.6248201E+02
   2 0.5419486E+02
   2 0.6307740E+02
   3 0.6249812E+02
   2 0.6329826E+02
   2 0.6325135E+02
   1 0.6352381E+02
   2 0.6263746E+02
   3 0.6280764E+02
   2 0.6236908E+02
   3 0.6353407E+02
   2 0.6247661E+02
   1 0.6350882E+02
   2 0.6306360E+02
   1 0.6210686E+02
   2 0.6294322E+02
   3 0.6291456E+02
   3 0.6410024E+02
   1 0.6274329E+02
   2 0.6279039E+02
   3 0.6260394E+02
   3 0.6319599E+02
   1 0.6343184E+02
   3 0.6197234E+02
   2 0.6265940E+02
   3 0.6288993E+02
   1 0.6284967E+02
   2 0.6240290E+02
   1 0.6282458E+02
   3 0.6292029E+02
   1 0.6317141E+02
   3 0.6182102E+02
   2 0.6311594E+02
   1 0.6308832E+02
   3 0.6345775E+02
   2 0.6265199E+02
   2 0.6301518E+02
   2 0.6348505E+02
   1 0.6197460E+02
   3 0.6267972E+02
   2 0.6264113E+02
   3 0.6186893E+02
   3 0.6340505E+02
   1 0.6301673E+02
   3 0.6251486E+02
   3 0.5300202E+02
   2 0.6338166E+02
   1 0.6298331E+02
   1 0.6286049E+02
   1 0.6343241E+02
   3 0.6277409E+02
   2 0.6284378E+02
   1 0.6283470E+02
   2 0.6313987E+02
   3 0.6282162E+02
   1 0.6261133E+02
   3 0.4370696E+02
   1 0.4773345E+02
   2 0.6258083E+02
   3 0.6142635E+02
   2 0.6258163E+02
   3 0.6242569E+02
   2 0.6267868E+02
   2 0.6434188E+02
   1 0.6286185E+02
   1 0.6295926E+02
   2 0.6268132E+02
   3 0.6269685E+02
   3 0.6350859E+02
   1 0.6357106E+02
   2 0.6306966E+02
   1 0.6267053E+02
   2 0.6349603E+02
   3 0.6283650E+02
   1 0.6306809E+02
   1 0.4272584E+02
   2 0.6308120E+02
   3 0.6273073E+02
   3 0.3673920E+02
   1 0.6250578E+02
   2 0.6278192E+02
   3 0.6274607E+02
   2 0.6232780E+02
   2 0.6313928E+02
   1 0.6281463E+02
   2 0.6315926E+02
   3 0.6232179E+02
   3 0.6257564E+02
   2 0.6360850E+02
   3 0.6193874E+02
   1 0.6302019E+02
   2 0.6255302E+02
   3 0.6203580E+02
   1 0.6193912E+02
   2 0.6305751E+02
   3 0.6203704E+02
   2 0.6329624E+02
   1 0.6214227E+02
   3 0.6293579E+02
   1 0.5529530E+02
   2 0.6267085E+02
   3 0.6279614E+02
   1 0.6222769E+02
   3 0.6357616E+02
   1 0.6351459E+02
   3 0.3425526E+02
   2 0.6262053E+02
   2 0.6317104E+02
   1 0.6266923E+02
   3 0.6272606E+02
   2 0.6312582E+02
   3 0.6265033E+02
   3 0.6274115E+02
   1 0.6231767E+02
   1 0.5418156E+02
   2 0.6276651E+02
   1 0.6350419E+02
   3 0.6287446E+02
   3 0.5833201E+02
   2 0.6255530E+02
   3 0.6281483E+02
   1 0.6249862E+02
   2 0.6313008E+02
   3 0.6310334E+02
   2 0.6287661E+02
   3 0.6254003E+02
   1 0.6305820E+02
   3 0.6264374E+02
   1 0.6233630E+02
   3 0.6225076E+02
   2 0.6301643E+02
   3 0.6313947E+02
   1 0.6273672E+02
   1 0.6347710E+02
   2 0.6253654E+02
   3 0.6257785E+02
   1 0.6314133E+02
   2 0.6275495E+02
   3 0.6251062E+02
   2 0.6273879E+02
   3 0.6314007E+02
   1 0.6328776E+02
   3 0.6332359E+02
   1 0.6250342E+02
   2 0.6329054E+02
   1 0.6227426E+02
   2 0.6235566E+02
   3 0.6298537E+02
   1 0.6270058E+02
   1 0.6299747E+02
   2 0.6273231E+02
   1 0.3280462E+02
   3 0.6348247E+02
   3 0.6302912E+02
   2 0.6250647E+02
   1 0.6340712E+02
   3 0.6339267E+02
   2 0.6306217E+02
   1 0.6252106E+02
   2 0.6243165E+02
   3 0.6287244E+02
   1 0.6314501E+02
   2 0.6279562E+02
   1 0.6311647E+02
   1 0.6301560E+02
   3 0.6282127E+02
   1 0.6208334E+02
   2 0.6275652E+02
   1 0.6287964E+02
   2 0.6287238E+02
   1 0.6289972E+02
   3 0.6340650E+02
   2 0.6219955E+02
   1 0.5263753E+02
   1 0.6284951E+02
   2 0.6258345E+02
   3 0.6204834E+02
   2 0.6330777E+02
   1 0.6333368E+02
   2 0.6337357E+02
   2 0.6369052E+02
   3 0.6303953E+02
   3 0.6305408E+02
   1 0.6263651E+02
   3 0.5497102E+02
   1 0.6343861E+02
   1 0.6382483E+02
   2 0.6280228E+02
   3 0.6269677E+02
   2 0.6258593E+02
   1 0.6269320E+02
   2 0.6229175E+02
   2 0.1354486E+02
   3 0.6274233E+02
   3 0.6174438E+02
   1 0.6301634E+02
   1 0.6332740E+02
   1 0.6158694E+02
   2 0.6336213E+02
   3 0.6227875E+02
   3 0.6272963E+02
   1 0.6288636E+02
   2 0.6306622E+02
   1 0.6276787E+02
   3 0.6325635E+02
   3 0.6268185E+02
   2 0.6255243E+02
   1 0.6323985E+02
   3 0.6322982E+02
   2 0.6274994E+02
   2 0.6288379E+02
   2 0.6373778E+02
   1 0.6238598E+02
   3 0.6409212E+02
   3 0.6367361E+02
   2 0.6311716E+02
   3 0.6271613E+02
   1 0.6295335E+02
   1 0.5241886E+02
   2 0.6268216E+02
   3 0.6320072E+02
   2 0.6355684E+02
   1 0.6307350E+02
   1 0.6186417E+02
   1 0.6359254E+02
   3 0.6267743E+02
   2 0.6291515E+02
   3 0.6279076E+02
   1 0.6299364E+02
   2 0.6216485E+02
   3 0.6245071E+02
   3 0.6229569E+02
   2 0.6280514E+02
   1 0.6288419E+02
   2 0.6349794E+02
   1 0.6277980E+02
   2 0.6361770E+02
   3 0.6277684E+02
   1 0.6302260E+02
   2 0.6330350E+02
   1 0.6234590E+02
   3 0.6265734E+02
   3 0.6263006E+02
   2 0.6280117E+02
   3 0.6197969E+02
   2 0.6362686E+02
   2 0.6226746E+02
   1 0.6246021E+02
   3 0.6316567E+02
   2 0.6316376E+02
   1 0.6257957E+02
   1 0.6295632E+02
   3 0.6324634E+02
   3 0.6208216E+02
   2 0.6290275E+02
   3 0.6288081E+02
   2 0.6287680E+02
   3 0.5761163E+02
   1 0.6242967E+02
   2 0.5105829E+02
   1 0.6338131E+02
   3 0.6220233E+02
   1 0.6330074E+02
   1 0.6173346E+02
   3 0.6225907E+02
   1 0.4101905E+02
   3 0.6325724E+02
   2 0.6338371E+02
   1 0.6350727E+02
   3 0.6174013E+02
   3 0.6096914E+02
   2 0.6299581E+02
   1 0.6347097E+02
   2 0.6275604E+02
   1 0.6298406E+02
   3 0.6299082E+02
   2 0.6343351E+02
   1 0.6401556E+02
   3 0.6285225E+02
   1 0.6221377E+02
   3 0.6171324E+02
   3 0.6234865E+02
   2 0.6250261E+02
   3 0.6314393E+02
   3 0.6271423E+02
   1 0.6227061E+02
   3 0.6294113E+02
   1 0.6294512E+02
   2 0.6295999E+02
   2 0.6286138E+02
   2 0.6237418E+02
   3 0.6270523E+02
   1 0.6352392E+02
   2 0.6241721E+02
   3 0.6296882E+02
   1 0.6278078E+02
   3 0.6345126E+02
   1 0.6249688E+02
   3 0.6348608E+02
   1 0.6269780E+02
   2 0.6252087E+02
   2 0.2293996E+02
   3 0.6321477E+02
   2 0.3243224E+02
   3 0.6302914E+02
   3 0.6370117E+02
   3 0.6276294E+02
   1 0.6286110E+02
   3 0.6258996E+02
   2 0.6287202E+02
   1 0.6233047E+02
   3 0.6287982E+02
   2 0.6283891E+02
   1 0.6367636E+02
   2 0.6342927E+02
   1 0.6295752E+02
   2 0.6387464E+02
   1 0.6279176E+02
   2 0.6359302E+02
   3 0.6280330E+02
   1 0.6274468E+02
   2 0.6261235E+02
   1 0.6271090E+02
   3 0.6293109E+02
   1 0.6321172E+02
   2 0.6309768E+02
   3 0.6243313E+02
   1 0.6274548E+02
   1 0.6288501E+02
   1 0.5129282E+02
   2 0.6342729E+02
   2 0.6285718E+02
   3 0.6333200E+02
   2 0.6222407E+02
   3 0.6321982E+02
   3 0.6244672E+02
   1 0.6257550E+02
   3 0.6319454E+02
   1 0.6320375E+02
   3 0.5691778E+02
   2 0.6261634E+02
   1 0.6237910E+02
   3 0.6253691E+02
   1 0.6314577E+02
   2 0.6326320E+02
   2 0.6271373E+02
   3 0.6298666E+02
   1 0.6302891E+02
   3 0.6237862E+02
   2 0.6337683E+02
   1 0.6319801E+02
   1 0.6338279E+02
   1 0.6208049E+02
   3 0.6290541E+02
   2 0.6310680E+02
   2 0.6248603E+02
   1 0.6255404E+02
   2 0.6218520E+02
   3 0.6269340E+02
   3 0.6225181E+02
   1 0.6230326E+02
   2 0.6302132E+02
   3 0.6254323E+02
   2 0.6299835E+02
   1 0.6331806E+02
   3 0.6312687E+02
   2 0.6254607E+02
   3 0.6334445E+02
   2 0.6267594E+02
   1 0.6314271E+02
   2 0.6327930E+02
   3 0.6265499E+02
   3 0.6353085E+02
   2 0.6310082E+02
   1 0.6249486E+02
   2 0.4434085E+02
   3 0.6253925E+02
   1 0.6307568E+02
   3 0.6257125E+02
   3 0.6260095E+02
   2 0.6258879E+02
   3 0.6322081E+02
   1 0.6303395E+02
   2 0.6257882E+02
   2 0.6369147E+02
   1 0.6338315E+02
   3 0.6331409E+02
   2 0.6312916E+02
   3 0.6273104E+02
   3 0.6306087E+02
   1 0.6245551E+02
   2 0.6310196E+02
   1 0.6202362E+02
   3 0.6311710E+02
   2 0.6323014E+02
   1 0.6290220E+02
   2 0.6340331E+02
   2 0.6343363E+02
   3 0.6297853E+02
   2 0.6151457E+02
   1 0.6288302E+02
   1 0.6227030E+02
   3 0.6278231E+02
   2 0.6294476E+02
   3 0.6264106E+02
   2 0.6223908E+02
   2 0.6033795E+02
   1 0.6300221E+02
   2 0.6207327E+02
   3 0.6260027E+02
   2 0.6234784E+02
   1 0.6285403E+02
   1 0.6241702E+02
   3 0.6320515E+02
   2 0.6259122E+02
   1 0.6257895E+02
   3 0.6306027E+02
   1 0.6237906E+02
   2 0.6267971E+02
   2 0.6349518E+02
   2 0.6295843E+02
   3 0.6267397E+02
   1 0.6279923E+02
   3 0.6285208E+02
   2 0.6265932E+02
   2 0.6297993E+02
   1 0.6296836E+02
   3 0.6308760E+02
   2 0.6337560E+02
   1 0.6301097E+02
   3 0.6305413E+02
   3 0.6343188E+02
   2 0.6270551E+02
   1 0.6271722E+02
   3 0.6183870E+02
   1 0.6338102E+02
   3 0.6300113E+02
   3 0.6201361E+02
   2 0.6270334E+02
   3 0.6295794E+02
   1 0.6259616E+02
   1 0.6249555E+02
   2 0.6288905E+02
   3 0.6305810E+02
   3 0.6225663E+02
   1 0.6295631E+02
   3 0.6268364E+02
   2 0.6274116E+02
   3 0.6273263E+02
   3 0.6313414E+02
   1 0.6363255E+02
   2 0.6288354E+02
   3 0.6340920E+02
   1 0.6326111E+02
   2 0.6263163E+02
   3 0.6278036E+02
   3 0.6196198E+02
   1 0.6273985E+02
   2 0.6345018E+02
   2 0.4379552E+02
   2 0.6280420E+02
   2 0.6301619E+02
   3 0.6259909E+02
   1 0.6360535E+02
   3 0.6267966E+02
   3 0.6282546E+02
   1 0.6245815E+02
   2 0.6291390E+02
   2 0.6370113E+02
   2 0.6246459E+02
   3 0.6310596E+02
   1 0.6248402E+02
   1 0.4744234E+02
   1 0.6187873E+02
   2 0.6314383E+02
   1 0.6339688E+02
   3 0.6271902E+02
   2 0.6274816E+02
   1 0.6309698E+02
   3 0.6285604E+02
   2 0.6284488E+02
   1 0.6319682E+02
   3 0.6284384E+02
   3 0.6221029E+02
   2 0.6294051E+02
   3 0.6202322E+02
   1 0.6352221E+02
   2 0.6282023E+02
   3 0.6291198E+02
   2 0.6348676E+02
   1 0.6291949E+02
   3 0.6277518E+02
   1 0.6189298E+02
   2 0.6330165E+02
   2 0.6373724E+02
   3 0.6307791E+02
   1 0.6292829E+02
   3 0.6242048E+02
   3 0.6297451E+02
   2 0.6253935E+02
   3 0.6304365E+02
   1 0.6289826E+02
   1 0.6282617E+02
   2 0.6314759E+02
   3 0.6253630E+02
   1 0.6323930E+02
   2 0.6295648E+02
   3 0.6286727E+02
   1 0.6310746E+02
   2 0.6315235E+02
   2 0.2728749E+02
   2 0.6339696E+02
   3 0.6348847E+02
   1 0.6291295E+02
   2 0.6316340E+02
   3 0.6257905E+02
   1 0.6273868E+02
   3 0.6238407E+02
   1 0.5963844E+02
   1 0.5855876E+02
   2 0.6342551E+02
   1 0.6247507E+02
   1 0.6280711E+02
   3 0.6254876E+02
   2 0.6294741E+02
   2 0.6470071E+02
   2 0.6359664E+02
   1 0.6279800E+02
   3 0.6312651E+02
   2 0.6312392E+02
   1 0.6318161E+02
   3 0.6278348E+02
   1 0.6287949E+02
   2 0.6318951E+02
   3 0.6259397E+02
   1 0.6286836E+02
   2 0.6379402E+02
   3 0.6327837E+02
   1 0.6282913E+02
   1 0.6386556E+02
   2 0.6289160E+02
   1 0.6271333E+02
   2 0.6279960E+02
   3 0.6241090E+02
   3 0.6259768E+02
   1 0.6298953E+02
   2 0.6346023E+02
   1 0.6154285E+02
   1 0.6296177E+02
   2 0.6245709E+02
   3 0.6250291E+02
   2 0.6275752E+02
   1 0.6364470E+02
   1 0.6301143E+02
   3 0.6223516E+02
   2 0.6303457E+02
   3 0.6258401E+02
   1 0.6331348E+02
   2 0.6205368E+02
   1 0.6340706E+02
   3 0.6331523E+02
   2 0.6365763E+02
   1 0.6256208E+02
   2 0.6305562E+02
   3 0.6319532E+02
   1 0.6260937E+02
   1 0.5989828E+02
   3 0.6335394E+02
   2 0.6261688E+02
   1 0.6308341E+02
   3 0.6256396E+02
   3 0.6096276E+02
   1 0.6302249E+02
   3 0.6283480E+02
   2 0.6229412E+02
   3 0.5851651E+02
   2 0.6323422E+02
   2 0.6275420E+02
   3 0.6345165E+02
   3 0.6291185E+02
   1 0.6297996E+02
   1 0.6339392E+02
   1 0.6362216E+02
   2 0.6290730E+02
   1 0.3915193E+02
   3 0.6237013E+02
   1 0.6250709E+02
   2 0.6327643E+02
   3 0.6287791E+02
   1 0.6286865E+02
   3 0.6287639E+02
   2 0.6285040E+02
   2 0.6349078E+02
   2 0.5062272E+02
   1 0.6254995E+02
   2 0.4613022E+02
   3 0.6290627E+02
   1 0.6267502E+02
   2 0.6290869E+02
   1 0.6316691E+02
   3 0.6279981E+02
   3 0.6266574E+02
   2 0.6306474E+02
   1 0.6288579E+02
   2 0.6307660E+02
   2 0.6325274E+02
   3 0.6335457E+02
   2 0.6221599E+02
   2 0.6314895E+02
   3 0.6257103E+02
   1 0.6244860E+02
   1 0.6193531E+02
   3 0.6264903E+02
   2 0.6265569E+02
   2 0.6190455E+02
   1 0.6297790E+02
   2 0.6325162E+02
   3 0.6266829E+02
   3 0.6358412E+02
   3 0.6299718E+02
   1 0.6269386E+02
   2 0.6290020E+02
   2 0.6352118E+02
   1 0.6236611E+02
   2 0.6143658E+02
   3 0.6262906E+02
   1 0.6295842E+02
   2 0.6282285E+02
   3 0.6300441E+02
   3 0.6245929E+02
   1 0.6319918E+02
   3 0.5441809E+02
   1 0.6341535E+02
   3 0.6217188E+02
   2 0.6278772E+02
   1 0.6323275E+02
   3 0.6285356E+02
   2 0.6279093E+02
   1 0.6323403E+02
   3 0.6297440E+02
   2 0.5218916E+02
   2 0.6304757E+02
   1 0.6295760E+02
   3 0.6314532E+02
   2 0.6320926E+02
   3 0.6260653E+02
   3 0.5721667E+02
   3 0.6348670E+02
   1 0.6342030E+02
   3 0.6270908E+02
   1 0.6329941E+02
   2 0.6334760E+02
   3 0.6277998E+02
   1 0.6255250E+02
   3 0.6190169E+02
   1 0.5916082E+02
   2 0.6284298E+02
   2 0.6317094E+02
   3 0.6276342E+02
   1 0.6249649E+02
   3 0.6308895E+02
   1 0.6299670E+02
   2 0.6285522E+02
   1 0.6322586E+02
   2 0.6294152E+02
   3 0.6277201E+02
   1 0.6311298E+02
   2 0.6346740E+02
   2 0.6272984E+02
   3 0.6264753E+02
   2 0.6322170E+02
   3 0.6210094E+02
   1 0.6291619E+02
   3 0.6277793E+02
   3 0.6351535E+02
   2 0.6283585E+02
   2 0.6237790E+02
   1 0.6255535E+02
   3 0.6287862E+02
   2 0.6240153E+02
   3 0.6396337E+02
   3 0.6352831E+02
   1 0.6287871E+02
   2 0.6354139E+02
   2 0.2152229E+02
   2 0.5836004E+02
   3 0.6285299E+02
   2 0.6333782E+02
   3 0.6275861E+02
   1 0.6329164E+02
   3 0.6270036E+02
   1 0.6227866E+02
   1 0.6341212E+02
   2 0.6263373E+02
   1 0.6344790E+02
   3 0.6348534E+02
   3 0.6256570E+02
   2 0.6296212E+02
   1 0.6344192E+02
   2 0.6249097E+02
   1 0.6291324E+02
   3 0.6302674E+02
   2 0.6296889E+02
   1 0.6255132E+02
   3 0.6388104E+02
   3 0.6239441E+02
   2 0.6285374E+02
   1 0.6313836E+02
   3 0.6299129E+02
   2 0.6297519E+02
   3 0.6334388E+02
   3 0.5048185E+02
   1 0.6228642E+02
   2 0.6304644E+02
   3 0.6245806E+02
