   1 0.1947281E+02
   2 0.1971934E+02
   3 0.1983923E+02
   2 0.1986025E+02
   1 0.1829908E+02
   3 0.1908002E+02
   2 0.1963661E+02
   1 0.1819531E+02
   3 0.1901694E+02
   2 0.1816584E+02
   1 0.1960288E+02
   3 0.1883823E+02
   2 0.2081420E+02
   1 0.1942159E+02
   3 0.1871723E+02
   2 0.1973569E+02
   1 0.1965415E+02
   3 0.1935319E+02
   2 0.1938150E+02
   1 0.1917543E+02
   3 0.1845518E+02
   2 0.2025873E+02
   1 0.2002506E+02
   3 0.2015814E+02
   2 0.1993816E+02
   1 0.1951050E+02
   3 0.1965770E+02
   2 0.1895387E+02
   1 0.1981723E+02
   3 0.1955784E+02
   2 0.1947853E+02
   1 0.1811882E+02
   3 0.1935175E+02
   2 0.1991876E+02
   1 0.1914489E+02
   3 0.1906456E+02
   2 0.2032647E+02
   1 0.1944010E+02
   3 0.1960399E+02
   2 0.1924659E+02
   1 0.1890764E+02
   3 0.2008661E+02
   2 0.2073702E+02
   1 0.1985424E+02
   3 0.1850303E+02
   2 0.1914949E+02
   1 0.1919433E+02
   3 0.2048856E+02
   2 0.1941253E+02
   1 0.1995772E+02
   3 0.1916518E+02
   2 0.1959832E+02
   1 0.1887067E+02
   3 0.1980199E+02
   2 0.1981506E+02
   1 0.2026005E+02
   3 0.1994503E+02
   2 0.2001869E+02
   1 0.1932572E+02
   3 0.1877706E+02
   1 0.1995364E+02
   2 0.1877592E+02
   3 0.1901754E+02
   1 0.2078769E+02
   2 0.1886242E+02
   3 0.2049092E+02
   1 0.1940195E+02
   2 0.1971862E+02
   3 0.1944340E+02
   1 0.1925309E+02
   2 0.2007390E+02
   3 0.2074704E+02
   1 0.1994271E+02
   2 0.2019951E+02
   3 0.1998750E+02
   1 0.1832259E+02
   2 0.1907909E+02
   3 0.1886162E+02
   1 0.1983344E+02
   2 0.1962839E+02
   3 0.1864489E+02
   1 0.1965696E+02
   2 0.1975781E+02
   3 0.2161005E+02
   1 0.1945320E+02
   2 0.1889797E+02
   3 0.2014499E+02
   1 0.1935825E+02
   2 0.1937127E+02
   3 0.1958178E+02
   1 0.2024668E+02
   2 0.1917549E+02
   3 0.2019136E+02
   1 0.2008814E+02
   2 0.2053727E+02
   3 0.2028266E+02
   1 0.2020312E+02
   2 0.1991135E+02
   3 0.2041812E+02
   1 0.1924966E+02
   2 0.1898293E+02
   3 0.1944456E+02
   1 0.1958216E+02
   2 0.1925184E+02
   3 0.1938905E+02
   1 0.2036635E+02
   2 0.1933317E+02
   1 0.1926146E+02
   3 0.1998911E+02
   2 0.1959742E+02
   1 0.1861737E+02
   3 0.1863758E+02
   2 0.1970947E+02
   1 0.1964240E+02
   3 0.2028628E+02
   2 0.1906997E+02
   1 0.1972730E+02
   3 0.1958685E+02
   2 0.1890484E+02
   1 0.1913759E+02
   3 0.2033680E+02
   2 0.1854898E+02
   1 0.1910113E+02
   3 0.2035807E+02
   2 0.1972716E+02
   1 0.2024255E+02
   3 0.1913853E+02
   2 0.1932155E+02
   1 0.1970632E+02
   2 0.1847159E+02
   3 0.1931568E+02
   2 0.1951514E+02
   1 0.2090538E+02
   3 0.1906107E+02
   2 0.1929287E+02
   1 0.1954426E+02
   3 0.1910593E+02
   2 0.1941468E+02
   1 0.2013671E+02
   3 0.1886670E+02
   2 0.1968478E+02
   1 0.2046463E+02
   3 0.1954655E+02
   2 0.1974721E+02
   1 0.1912580E+02
   3 0.1962926E+02
   2 0.1968258E+02
   1 0.1960782E+02
   3 0.1867436E+02
   2 0.2068190E+02
   1 0.2034510E+02
   3 0.1965595E+02
   2 0.1909928E+02
   1 0.1986585E+02
   3 0.1933991E+02
   2 0.1962536E+02
   1 0.1890644E+02
   3 0.1950041E+02
   2 0.1986326E+02
   1 0.1872978E+02
   3 0.1886178E+02
   2 0.1997555E+02
   1 0.1881446E+02
   3 0.1948797E+02
   2 0.1845826E+02
   1 0.2065416E+02
   3 0.2019532E+02
   2 0.2002210E+02
   1 0.1985887E+02
   3 0.1888818E+02
   2 0.2001300E+02
   1 0.1908154E+02
   3 0.2010277E+02
   2 0.2016582E+02
   1 0.1977647E+02
   3 0.1906048E+02
   2 0.1995368E+02
   1 0.1860116E+02
   3 0.1975208E+02
   2 0.2005231E+02
   1 0.1972281E+02
   3 0.1916219E+02
   2 0.2022787E+02
   1 0.1965434E+02
   3 0.1957181E+02
   2 0.2019318E+02
   1 0.1924459E+02
   3 0.1953757E+02
   2 0.1949423E+02
   1 0.1988450E+02
   3 0.1976854E+02
   2 0.1926699E+02
   1 0.1981331E+02
   3 0.1978424E+02
   2 0.1910736E+02
   1 0.1921373E+02
   3 0.1943842E+02
   2 0.2041030E+02
   2 0.2110219E+02
   1 0.1991324E+02
   3 0.1991009E+02
   2 0.2146717E+02
   1 0.2074726E+02
   3 0.2002928E+02
   2 0.1928105E+02
   1 0.1948038E+02
   3 0.1977031E+02
   2 0.1932476E+02
   1 0.1911592E+02
   3 0.1979431E+02
   2 0.1838613E+02
   1 0.1992306E+02
   3 0.1982759E+02
   2 0.2030896E+02
   1 0.1893810E+02
   3 0.1921954E+02
   2 0.2146419E+02
   1 0.1907488E+02
   3 0.2043272E+02
   2 0.1970694E+02
   1 0.1974309E+02
   3 0.2139689E+02
   2 0.1995502E+02
   1 0.1909652E+02
   3 0.2024048E+02
   2 0.1906029E+02
   1 0.1859559E+02
   3 0.1852843E+02
   2 0.1989121E+02
   1 0.1949259E+02
   3 0.1937387E+02
   2 0.1953382E+02
   1 0.1994899E+02
   3 0.2045263E+02
   2 0.1908832E+02
   1 0.1952772E+02
   3 0.1871877E+02
   2 0.1883172E+02
   1 0.1980123E+02
   3 0.2031061E+02
   2 0.2015634E+02
   1 0.1934766E+02
   3 0.1925398E+02
   2 0.1962060E+02
   1 0.1912062E+02
   3 0.1874205E+02
   2 0.1936638E+02
   1 0.1865645E+02
   3 0.2043356E+02
   2 0.1977326E+02
   1 0.1885930E+02
   3 0.1952108E+02
   2 0.1866083E+02
   1 0.2056323E+02
   3 0.1887887E+02
   2 0.1979216E+02
   1 0.2039698E+02
   3 0.1922023E+02
   2 0.1906302E+02
   1 0.1944359E+02
   3 0.1995488E+02
   2 0.1877356E+02
   1 0.1951424E+02
   3 0.1889546E+02
   2 0.2004544E+02
   1 0.1918846E+02
   3 0.1939924E+02
   2 0.1993576E+02
   1 0.2006528E+02
   3 0.1985745E+02
   2 0.1955521E+02
   1 0.1985500E+02
   3 0.2067151E+02
   2 0.1917831E+02
   1 0.1930583E+02
   3 0.1970199E+02
   2 0.2052857E+02
   1 0.2033943E+02
   3 0.1992370E+02
   2 0.1998855E+02
   1 0.1973292E+02
   3 0.2028178E+02
   2 0.1912120E+02
   1 0.1993409E+02
   2 0.1934297E+02
   3 0.1977725E+02
   1 0.1989297E+02
   2 0.2042711E+02
   3 0.2078827E+02
   1 0.1961346E+02
   2 0.1889739E+02
   3 0.1888956E+02
   1 0.2033710E+02
   2 0.1964272E+02
   3 0.1903133E+02
   1 0.1897738E+02
   2 0.1814764E+02
   3 0.1970360E+02
   1 0.1960977E+02
   2 0.2083309E+02
   3 0.2068002E+02
   1 0.1875621E+02
   2 0.1917923E+02
   3 0.1905472E+02
   1 0.1939358E+02
   2 0.2022207E+02
   3 0.1911789E+02
   1 0.1936743E+02
   2 0.1990930E+02
   3 0.1970552E+02
   1 0.1939793E+02
   2 0.1961634E+02
   3 0.2018243E+02
   1 0.1921544E+02
   2 0.1950254E+02
   3 0.1944366E+02
   1 0.1905918E+02
   2 0.1953823E+02
   3 0.1996829E+02
   1 0.1965705E+02
   2 0.1930325E+02
   3 0.1910929E+02
   1 0.1969723E+02
   2 0.2121118E+02
   3 0.1926518E+02
   1 0.1913423E+02
   2 0.1892635E+02
   3 0.2011215E+02
   1 0.1971281E+02
   2 0.1985953E+02
   3 0.2001414E+02
   1 0.1914674E+02
   2 0.2048453E+02
   3 0.2008167E+02
   1 0.1974074E+02
   2 0.1849367E+02
   3 0.1949862E+02
   1 0.1928939E+02
   2 0.1904553E+02
   3 0.2003242E+02
   1 0.1954164E+02
   2 0.2112340E+02
   3 0.2099273E+02
   1 0.1999312E+02
   2 0.1971662E+02
   3 0.2019219E+02
   1 0.2018645E+02
   2 0.2001786E+02
   3 0.1940306E+02
   1 0.1981879E+02
   2 0.2033567E+02
   3 0.1919916E+02
   1 0.2021454E+02
   2 0.1954595E+02
   3 0.1955141E+02
   1 0.1980306E+02
   2 0.1972180E+02
   3 0.1975131E+02
   1 0.1984297E+02
   2 0.2040160E+02
   3 0.1888914E+02
   1 0.2011082E+02
   2 0.1956098E+02
   3 0.1954083E+02
   1 0.1889326E+02
   2 0.1978014E+02
   3 0.2096398E+02
   1 0.2028723E+02
   2 0.2006404E+02
   3 0.1957409E+02
   1 0.2001037E+02
   2 0.1848827E+02
   3 0.1979028E+02
   1 0.1912643E+02
   2 0.1949558E+02
   3 0.2068600E+02
   1 0.2055653E+02
   2 0.1906792E+02
   3 0.1915204E+02
   1 0.1902868E+02
   2 0.1904043E+02
   1 0.2035199E+02
   3 0.1985599E+02
   2 0.1944852E+02
   1 0.1913389E+02
   3 0.1975237E+02
   2 0.1998219E+02
   1 0.1908935E+02
   3 0.1952907E+02
   2 0.1969822E+02
   1 0.1967677E+02
   3 0.1894810E+02
   2 0.1864982E+02
   1 0.1883196E+02
   3 0.1992573E+02
   2 0.1948666E+02
   1 0.1975675E+02
   3 0.2066327E+02
   2 0.1855639E+02
   1 0.1997345E+02
   3 0.1918213E+02
   2 0.1950018E+02
   2 0.1887175E+02
   1 0.1939668E+02
   3 0.2021881E+02
   2 0.1873789E+02
   1 0.1988436E+02
   3 0.1963665E+02
   2 0.1865594E+02
   1 0.1928678E+02
   3 0.1842098E+02
   2 0.1969187E+02
   1 0.2015913E+02
   3 0.1966052E+02
   2 0.2046585E+02
   1 0.1916219E+02
   3 0.1905606E+02
   2 0.1986206E+02
   1 0.1893740E+02
   3 0.2070265E+02
   2 0.1940320E+02
   1 0.1999611E+02
   3 0.1940502E+02
   2 0.1956743E+02
   1 0.1990191E+02
   3 0.1915916E+02
   2 0.2017974E+02
   1 0.1924746E+02
   3 0.1943583E+02
   2 0.1970587E+02
   1 0.1983024E+02
   3 0.1942654E+02
   2 0.1939607E+02
   1 0.2008079E+02
   3 0.1995632E+02
   2 0.1910966E+02
   2 0.2071010E+02
   1 0.2025336E+02
   3 0.2051996E+02
   2 0.1975454E+02
   1 0.1952756E+02
   3 0.2057382E+02
   2 0.1918201E+02
   1 0.2115747E+02
   3 0.1981032E+02
   2 0.1951157E+02
   1 0.2012292E+02
   3 0.1934139E+02
   2 0.1940550E+02
   1 0.1862032E+02
   3 0.1910867E+02
   2 0.2036304E+02
   1 0.1989657E+02
   3 0.1928589E+02
   2 0.1968830E+02
   1 0.1974174E+02
   3 0.1944746E+02
   2 0.2051584E+02
   1 0.1931316E+02
   3 0.1959845E+02
   2 0.1933703E+02
   1 0.1876043E+02
   3 0.1909675E+02
   2 0.1988193E+02
   1 0.1993985E+02
   3 0.1966113E+02
   2 0.1984677E+02
   1 0.1936989E+02
   3 0.2025916E+02
   1 0.2153389E+02
   2 0.1950537E+02
   3 0.1985874E+02
   1 0.1960680E+02
   2 0.2092076E+02
   3 0.2042645E+02
   1 0.2018279E+02
   2 0.1980893E+02
   3 0.1916815E+02
   1 0.1959058E+02
   2 0.1965816E+02
   3 0.1876179E+02
   1 0.1987697E+02
   2 0.2068239E+02
   2 0.2016093E+02
   3 0.2067460E+02
   1 0.1962218E+02
   2 0.1965888E+02
   3 0.1965585E+02
   1 0.2062738E+02
   2 0.2011604E+02
   3 0.1916200E+02
   1 0.1958897E+02
   2 0.1979970E+02
   3 0.1915698E+02
   1 0.2052535E+02
   2 0.1980578E+02
   3 0.1968207E+02
   1 0.2001009E+02
   2 0.1868846E+02
   3 0.1968634E+02
   1 0.1959958E+02
   2 0.2067083E+02
   3 0.1917708E+02
   1 0.1952124E+02
   2 0.1999134E+02
   3 0.1885151E+02
   1 0.1842995E+02
   2 0.1864387E+02
   3 0.1989402E+02
   1 0.2058499E+02
   2 0.1963407E+02
   3 0.1897065E+02
   1 0.1973859E+02
   2 0.1900642E+02
   3 0.2034103E+02
   1 0.2024946E+02
   2 0.2114867E+02
   3 0.1915844E+02
   1 0.1945707E+02
   3 0.2111650E+02
   2 0.2054722E+02
   1 0.1957824E+02
   3 0.1975064E+02
   2 0.1960923E+02
   1 0.1894890E+02
   3 0.2046572E+02
   2 0.1931797E+02
   1 0.1878711E+02
   3 0.2001338E+02
   2 0.2001866E+02
   1 0.1928625E+02
   3 0.1980378E+02
   2 0.1956941E+02
   1 0.2037972E+02
   3 0.2030712E+02
   2 0.1858620E+02
   1 0.1921537E+02
   3 0.1937944E+02
   2 0.1857991E+02
   1 0.1968124E+02
   2 0.2027060E+02
   3 0.2022230E+02
   1 0.1868572E+02
   2 0.1966772E+02
   3 0.1923730E+02
   1 0.1943705E+02
   2 0.1818662E+02
   3 0.1906235E+02
   1 0.1971624E+02
   2 0.1905662E+02
   3 0.1828747E+02
   1 0.1971128E+02
   2 0.1929276E+02
   3 0.1925758E+02
   1 0.1958430E+02
   2 0.2045115E+02
   3 0.2001537E+02
   1 0.1910326E+02
   2 0.1911657E+02
   3 0.2015795E+02
   1 0.1977539E+02
   2 0.2009657E+02
   3 0.1964037E+02
   1 0.1969204E+02
   2 0.1961410E+02
   3 0.1925936E+02
   1 0.1983131E+02
   2 0.2033448E+02
   3 0.1977725E+02
   1 0.1880878E+02
   2 0.1878759E+02
   3 0.1932074E+02
   1 0.1874504E+02
   2 0.1958355E+02
   3 0.1925122E+02
   1 0.1944955E+02
   2 0.1970445E+02
   3 0.1975968E+02
   1 0.1862631E+02
   2 0.1901542E+02
   1 0.1998119E+02
   3 0.1981899E+02
   2 0.1931014E+02
   1 0.1999796E+02
   3 0.1940348E+02
   2 0.1940633E+02
   1 0.1954999E+02
   3 0.1938420E+02
   2 0.2016378E+02
   1 0.1875600E+02
   3 0.1880830E+02
   2 0.2006096E+02
   1 0.2000990E+02
   3 0.1995967E+02
   2 0.1903061E+02
   1 0.1915902E+02
   3 0.1960009E+02
   2 0.1924166E+02
   1 0.1930869E+02
   3 0.2006656E+02
   2 0.1873979E+02
   1 0.1913299E+02
   3 0.1890225E+02
   2 0.1839779E+02
   1 0.1901107E+02
   3 0.1937874E+02
   2 0.1957174E+02
   1 0.1993406E+02
   3 0.2058820E+02
   2 0.1950707E+02
   1 0.2035130E+02
   3 0.2027501E+02
   2 0.1942579E+02
   1 0.1997945E+02
   3 0.1927359E+02
   2 0.1995916E+02
   1 0.2028357E+02
   3 0.1984679E+02
   2 0.1957707E+02
   1 0.1971901E+02
   3 0.1917745E+02
   2 0.2007295E+02
   1 0.2033795E+02
   3 0.1999247E+02
   2 0.1941134E+02
   1 0.1871297E+02
   3 0.1999000E+02
   2 0.1971756E+02
   1 0.1959256E+02
   3 0.1970299E+02
   2 0.1985663E+02
   1 0.1971609E+02
   3 0.2000352E+02
   2 0.2012261E+02
   1 0.1938612E+02
   3 0.2002964E+02
   1 0.2092543E+02
   2 0.1956585E+02
   3 0.1909934E+02
   1 0.2047354E+02
   2 0.1975061E+02
   3 0.1931416E+02
   1 0.1876594E+02
   2 0.1980540E+02
   3 0.1895220E+02
   1 0.1969829E+02
   2 0.1838710E+02
   3 0.1956057E+02
   1 0.1991780E+02
   2 0.1938407E+02
   3 0.2111857E+02
   1 0.1827889E+02
   2 0.1966289E+02
   3 0.2021369E+02
   1 0.1971779E+02
   2 0.2012622E+02
   3 0.1821697E+02
   1 0.1968733E+02
   2 0.1902661E+02
   3 0.1836071E+02
   1 0.1894585E+02
   2 0.1861768E+02
   3 0.1935241E+02
   1 0.1937540E+02
   2 0.1849235E+02
   3 0.1913847E+02
   1 0.1919153E+02
   2 0.1799114E+02
   3 0.1997213E+02
   1 0.1957315E+02
   2 0.1957401E+02
   3 0.2033698E+02
   1 0.1964628E+02
   2 0.1919240E+02
   3 0.2034926E+02
   2 0.1973874E+02
   1 0.1873591E+02
   3 0.1976546E+02
   2 0.1981368E+02
   1 0.1878505E+02
   2 0.2060663E+02
   3 0.1979375E+02
   1 0.2037206E+02
   2 0.2023416E+02
   3 0.1950407E+02
   1 0.1954543E+02
   2 0.1988775E+02
   3 0.1968441E+02
   1 0.1969232E+02
   2 0.1910552E+02
   3 0.1939217E+02
   1 0.1922796E+02
   2 0.1940449E+02
   3 0.1941427E+02
   1 0.1939234E+02
   2 0.1950721E+02
   1 0.1957535E+02
   3 0.1910187E+02
   2 0.1980133E+02
   1 0.1952997E+02
   3 0.1926516E+02
   2 0.2024983E+02
   1 0.1972669E+02
   3 0.1887051E+02
   2 0.1859484E+02
   1 0.2015145E+02
   3 0.2033482E+02
   2 0.1971538E+02
   1 0.2085144E+02
   3 0.1909568E+02
   2 0.1966717E+02
   1 0.1933261E+02
   3 0.1983743E+02
   2 0.1966502E+02
   1 0.1949417E+02
   3 0.1974577E+02
   2 0.2082613E+02
   1 0.1970690E+02
   3 0.1952854E+02
   2 0.1859170E+02
   1 0.1982108E+02
   3 0.1901713E+02
   2 0.2036147E+02
   1 0.1911804E+02
   3 0.1900507E+02
   2 0.1863593E+02
   1 0.1933276E+02
   3 0.1950552E+02
   2 0.1966295E+02
   1 0.2060709E+02
   3 0.1945982E+02
   3 0.4318701E+01
   2 0.1950119E+02
   1 0.1912561E+02
   3 0.1997248E+02
   2 0.1869332E+02
   1 0.1908507E+02
   3 0.1885986E+02
   2 0.1942709E+02
   1 0.1933544E+02
   3 0.2018683E+02
   2 0.1928907E+02
   1 0.1862633E+02
   3 0.1973177E+02
   2 0.1964717E+02
   1 0.2027590E+02
   3 0.1945688E+02
   2 0.1941271E+02
   1 0.2033040E+02
   3 0.2035848E+02
   2 0.1901771E+02
   1 0.1909402E+02
   3 0.2051936E+02
   2 0.1918714E+02
   1 0.1931691E+02
   2 0.1987773E+02
   3 0.1871728E+02
   1 0.1921350E+02
   2 0.1851510E+02
   3 0.2010328E+02
   1 0.2035629E+02
   2 0.1914799E+02
   3 0.2058529E+02
   1 0.1911142E+02
   2 0.1853712E+02
   3 0.2066176E+02
   1 0.1968152E+02
   2 0.1985967E+02
   3 0.1770137E+02
   1 0.1912852E+02
   2 0.2013085E+02
   3 0.2008009E+02
   1 0.1877694E+02
   2 0.1910035E+02
   3 0.1892127E+02
   1 0.1975884E+02
   2 0.1918012E+02
   3 0.2007460E+02
   1 0.1883315E+02
   1 0.2043555E+02
   2 0.1933129E+02
   3 0.1993583E+02
   1 0.1983725E+02
   2 0.1998030E+02
   3 0.1957163E+02
   1 0.1973854E+02
   2 0.1979383E+02
   3 0.1984739E+02
   1 0.1931662E+02
   2 0.1953522E+02
   3 0.1945082E+02
   1 0.1839053E+02
   2 0.1906807E+02
   3 0.1984237E+02
   2 0.1982335E+02
   1 0.2013565E+02
   3 0.1961175E+02
   2 0.1958726E+02
   1 0.1919049E+02
   3 0.1942485E+02
   2 0.1976651E+02
   1 0.1971362E+02
   3 0.1970030E+02
   2 0.1956632E+02
   1 0.1793127E+02
   3 0.2027015E+02
   2 0.1888340E+02
   1 0.1960411E+02
   3 0.1919276E+02
   2 0.1916622E+02
   1 0.1876820E+02
   3 0.1984476E+02
   2 0.1970785E+02
   1 0.1990522E+02
   3 0.1887921E+02
   2 0.1938283E+02
   1 0.1968208E+02
   3 0.1989099E+02
   2 0.2034303E+02
   1 0.1972870E+02
   3 0.2050274E+02
   2 0.1948931E+02
   1 0.2048195E+02
   3 0.1925587E+02
   2 0.1928892E+02
   1 0.2062376E+02
   3 0.1926760E+02
   2 0.2074201E+02
   1 0.1907082E+02
   3 0.1970974E+02
   2 0.1962444E+02
   1 0.1935936E+02
   3 0.1978086E+02
   2 0.2037450E+02
   1 0.2032948E+02
   3 0.1889926E+02
   2 0.1982153E+02
   1 0.1909683E+02
   3 0.2027320E+02
   2 0.1969611E+02
   1 0.1967130E+02
   3 0.2017036E+02
   2 0.1978900E+02
   1 0.1997778E+02
   3 0.1967320E+02
   2 0.1886318E+02
   1 0.2007690E+02
   3 0.2000754E+02
   2 0.1974032E+02
   1 0.1937091E+02
   3 0.1907238E+02
   2 0.1898385E+02
   1 0.1947038E+02
   3 0.1960851E+02
   2 0.1987392E+02
   1 0.2026265E+02
   3 0.2001704E+02
   2 0.1911201E+02
   1 0.1901569E+02
   3 0.1891142E+02
   2 0.1898381E+02
   1 0.2118889E+02
   3 0.1957335E+02
   2 0.2006439E+02
   1 0.1988217E+02
   3 0.2100083E+02
   2 0.1948879E+02
   1 0.1979125E+02
   3 0.1994458E+02
   2 0.1900936E+02
   1 0.1946093E+02
   3 0.1863151E+02
   2 0.1969932E+02
   1 0.1911149E+02
   3 0.1912414E+02
   2 0.1982225E+02
   1 0.1905649E+02
   3 0.1875414E+02
   2 0.1949237E+02
   1 0.1929061E+02
   3 0.1976430E+02
   2 0.2015034E+02
   1 0.2064634E+02
   3 0.1898106E+02
   2 0.1970032E+02
   1 0.1954718E+02
   3 0.1974620E+02
   2 0.1988561E+02
   1 0.1958402E+02
   3 0.1946083E+02
   2 0.1907932E+02
   1 0.2046299E+02
   3 0.1968010E+02
   2 0.1973946E+02
   1 0.1965004E+02
   3 0.1968682E+02
   2 0.1936304E+02
   1 0.1958242E+02
   3 0.1996919E+02
   2 0.1904332E+02
   1 0.1947298E+02
   3 0.1915249E+02
   2 0.1956525E+02
   1 0.1911851E+02
   3 0.2065236E+02
   2 0.1900279E+02
   1 0.1997442E+02
   3 0.2014514E+02
   2 0.1999466E+02
   1 0.1889061E+02
   3 0.1904641E+02
   2 0.2006824E+02
   1 0.1937538E+02
   3 0.2005708E+02
   2 0.1874951E+02
   1 0.1941609E+02
   2 0.1873057E+02
   3 0.1949430E+02
   1 0.2048696E+02
   2 0.2017655E+02
   3 0.1957336E+02
   1 0.1982544E+02
   2 0.2022406E+02
   3 0.1985703E+02
   1 0.2010283E+02
   2 0.2031311E+02
   3 0.1988348E+02
   1 0.2041259E+02
   2 0.1946196E+02
   3 0.2000222E+02
   1 0.1876041E+02
   2 0.1945005E+02
   3 0.1888222E+02
   1 0.1986332E+02
   2 0.1971136E+02
   3 0.1879744E+02
   1 0.1981210E+02
   2 0.1961100E+02
   3 0.1871547E+02
   1 0.1919285E+02
   2 0.1991258E+02
   3 0.2097607E+02
   1 0.1916328E+02
   2 0.1908108E+02
   3 0.1900972E+02
   1 0.2059165E+02
   2 0.2011798E+02
   3 0.1898405E+02
   1 0.1926616E+02
   2 0.2183000E+02
   3 0.2010095E+02
   1 0.1908268E+02
   2 0.1876230E+02
   3 0.1848097E+02
   1 0.1941656E+02
   2 0.1900795E+02
   3 0.1905586E+02
   1 0.1971830E+02
   2 0.1944871E+02
   3 0.1938599E+02
   1 0.1935230E+02
   2 0.1950511E+02
   3 0.1955002E+02
   1 0.1993529E+02
   2 0.1964274E+02
   2 0.2099797E+02
   3 0.2109553E+02
   1 0.2057345E+02
   2 0.2078209E+02
   3 0.1941241E+02
   1 0.1900033E+02
   2 0.1919323E+02
   3 0.1888749E+02
   1 0.2027355E+02
   2 0.1899111E+02
   3 0.2029196E+02
   1 0.1892341E+02
   2 0.2102960E+02
   3 0.2074305E+02
   1 0.1956222E+02
   2 0.1966295E+02
   3 0.1930717E+02
   2 0.1915279E+02
   1 0.1964220E+02
   3 0.2040915E+02
   2 0.1982244E+02
   1 0.1936007E+02
   3 0.1966309E+02
   2 0.1868151E+02
   1 0.1957316E+02
   3 0.2084965E+02
   2 0.1885945E+02
   1 0.1985740E+02
   3 0.1990049E+02
   2 0.1979629E+02
   1 0.1984874E+02
   3 0.1950433E+02
   2 0.1801060E+02
   1 0.1863294E+02
   3 0.1988467E+02
