   1 0.7689791E+02
   2 0.7694073E+02
   3 0.7738737E+02
   1 0.7641417E+02
   3 0.7703201E+02
   2 0.7632620E+02
   1 0.7651466E+02
   3 0.7692762E+02
   1 0.7687346E+02
   3 0.7670558E+02
   1 0.7751275E+02
   2 0.7716554E+02
   2 0.7702447E+02
   3 0.7746915E+02
   1 0.7726424E+02
   3 0.7802529E+02
   1 0.7678063E+02
   3 0.7704217E+02
   1 0.7761991E+02
   1 0.7152439E+02
   2 0.7726514E+02
   1 0.7799485E+02
   3 0.7716172E+02
   2 0.7675692E+02
   1 0.7727354E+02
   2 0.7699481E+02
   1 0.7711089E+02
   3 0.7668901E+02
   1 0.7667775E+02
   1 0.7816517E+02
   3 0.7675147E+02
   2 0.7704063E+02
   3 0.7745558E+02
   3 0.7610300E+02
   1 0.7750147E+02
   3 0.7706168E+02
   1 0.7699036E+02
   2 0.7703770E+02
   2 0.7749537E+02
   3 0.7668620E+02
   1 0.7704743E+02
   3 0.7605896E+02
   2 0.7698990E+02
   1 0.7696518E+02
   3 0.7658274E+02
   2 0.7720032E+02
   1 0.7697960E+02
   3 0.7670351E+02
   2 0.7733958E+02
   1 0.7716793E+02
   3 0.7758767E+02
   1 0.7701809E+02
   2 0.7665833E+02
   3 0.7798331E+02
   3 0.7777715E+02
   3 0.7654622E+02
   2 0.7718968E+02
   1 0.7736813E+02
   3 0.7643268E+02
   3 0.7718179E+02
   2 0.7727749E+02
   3 0.5903798E+02
   2 0.7601085E+02
   3 0.7714006E+02
   1 0.7731488E+02
   1 0.7771071E+02
   1 0.7755639E+02
   2 0.7737575E+02
   3 0.7727489E+02
   3 0.7647985E+02
   1 0.7713110E+02
   3 0.7664816E+02
   2 0.7667790E+02
   1 0.7689222E+02
   1 0.7801469E+02
   3 0.7682163E+02
   2 0.7750631E+02
   1 0.7728450E+02
   2 0.7786406E+02
   1 0.7731614E+02
   1 0.7706482E+02
   3 0.7679363E+02
   2 0.7697509E+02
   3 0.7728665E+02
   2 0.7758468E+02
   2 0.7679899E+02
   3 0.7734729E+02
   1 0.7726899E+02
   3 0.7719568E+02
   2 0.7701529E+02
   2 0.5805465E+02
   2 0.7782100E+02
   1 0.7706380E+02
   1 0.7350261E+02
   3 0.7730603E+02
   2 0.7698405E+02
   1 0.7684816E+02
   3 0.7711512E+02
   2 0.7755995E+02
   3 0.7638926E+02
   3 0.7732875E+02
   1 0.7681981E+02
   1 0.7756118E+02
   2 0.7752949E+02
   1 0.7762560E+02
   2 0.7653958E+02
   1 0.7624522E+02
   3 0.7731094E+02
   2 0.7785574E+02
   1 0.7772260E+02
   1 0.7777748E+02
   2 0.7609657E+02
   2 0.7683331E+02
   1 0.7731239E+02
   3 0.7761231E+02
   2 0.7697590E+02
   2 0.5292741E+02
   1 0.7725727E+02
   3 0.7715044E+02
   1 0.7658059E+02
   3 0.7720914E+02
   1 0.7728006E+02
   3 0.7291899E+02
   1 0.7673762E+02
   2 0.7697684E+02
   3 0.7701027E+02
   3 0.4831013E+02
   3 0.7733329E+02
   3 0.7372398E+02
   1 0.7657660E+02
   2 0.7704990E+02
   3 0.7667558E+02
   2 0.7683414E+02
   1 0.7718010E+02
   3 0.7732156E+02
   3 0.4901756E+02
   1 0.7646674E+02
   1 0.7003463E+02
   2 0.7697567E+02
   2 0.4881152E+02
   3 0.7731526E+02
   1 0.7749915E+02
   2 0.7702029E+02
   1 0.7654291E+02
   1 0.7639432E+02
   3 0.7679820E+02
   1 0.7669433E+02
   3 0.7653759E+02
   2 0.7810484E+02
   3 0.7784101E+02
   3 0.7123473E+02
   2 0.7688415E+02
   3 0.7721736E+02
   2 0.7747864E+02
   1 0.7682333E+02
   3 0.7663273E+02
   3 0.7748981E+02
   2 0.7774614E+02
   1 0.7735865E+02
   1 0.5453912E+02
   2 0.7722265E+02
   1 0.7617378E+02
   2 0.7743655E+02
   3 0.7714318E+02
   1 0.7741830E+02
   2 0.7698681E+02
   3 0.7686655E+02
   2 0.7705027E+02
   2 0.7657970E+02
   1 0.7696568E+02
   1 0.7743483E+02
   3 0.7719898E+02
   3 0.7766669E+02
   1 0.7671947E+02
   1 0.7774537E+02
   2 0.7729125E+02
   1 0.7751741E+02
   1 0.7761404E+02
   2 0.7651061E+02
   2 0.2725700E+02
   3 0.7734480E+02
   2 0.7627516E+02
   3 0.7625559E+02
   2 0.7747847E+02
   3 0.7718234E+02
   2 0.7772546E+02
   1 0.7739915E+02
   3 0.7723925E+02
   2 0.7669658E+02
   2 0.4455274E+02
   1 0.7637115E+02
   3 0.7691575E+02
   2 0.7746809E+02
   1 0.7727412E+02
   3 0.7631381E+02
   2 0.7687427E+02
   1 0.7699720E+02
   2 0.7734497E+02
   3 0.7673191E+02
   2 0.7726797E+02
   2 0.7706542E+02
   2 0.7717547E+02
   1 0.7728418E+02
   1 0.7780883E+02
   3 0.7677795E+02
   3 0.7652334E+02
   3 0.7661340E+02
   2 0.7755345E+02
   2 0.4288515E+02
   2 0.7458021E+02
   1 0.7766376E+02
   3 0.7666760E+02
   1 0.7782415E+02
   3 0.7663845E+02
   3 0.7728941E+02
   3 0.7746071E+02
   2 0.7661996E+02
   2 0.7630546E+02
   1 0.7690962E+02
   2 0.7607964E+02
   1 0.7762581E+02
   3 0.7731803E+02
   1 0.7767254E+02
   1 0.7737183E+02
   1 0.5777544E+02
   2 0.7715333E+02
   1 0.7726205E+02
   1 0.7697101E+02
   3 0.7729193E+02
   3 0.7702487E+02
   3 0.4299172E+02
   2 0.7670428E+02
   3 0.7659478E+02
   2 0.7728454E+02
   3 0.7699485E+02
   1 0.7694827E+02
   2 0.7747328E+02
   3 0.7776373E+02
   1 0.7742239E+02
   2 0.7735816E+02
   1 0.7723245E+02
   1 0.7638536E+02
   3 0.7708594E+02
   1 0.7710961E+02
   3 0.7812879E+02
   2 0.7706483E+02
   3 0.7674564E+02
   1 0.7691128E+02
   2 0.7672643E+02
   1 0.7650395E+02
   2 0.7711641E+02
   1 0.7086943E+02
   3 0.7693903E+02
   2 0.7725488E+02
   2 0.7806014E+02
   1 0.7721351E+02
   1 0.7742146E+02
   3 0.7664654E+02
   1 0.7771022E+02
   1 0.7765249E+02
   3 0.7772845E+02
   2 0.7731455E+02
   2 0.7680632E+02
   1 0.7710591E+02
   3 0.7712548E+02
   1 0.7737902E+02
   3 0.7625022E+02
   1 0.7644860E+02
   2 0.7738966E+02
   2 0.7757624E+02
   3 0.7729885E+02
   1 0.7795312E+02
   3 0.7722864E+02
   1 0.7700338E+02
   3 0.7631153E+02
   1 0.7745227E+02
   3 0.7698682E+02
   2 0.7733320E+02
   1 0.7701329E+02
   3 0.7692859E+02
   1 0.7739450E+02
   3 0.7706899E+02
   3 0.7725501E+02
   1 0.7739078E+02
   3 0.7773953E+02
   2 0.7704525E+02
   1 0.7603615E+02
   2 0.7815394E+02
   2 0.7746482E+02
   2 0.7733388E+02
   3 0.7725847E+02
   3 0.7739257E+02
   1 0.7721891E+02
   3 0.7657930E+02
   2 0.7749677E+02
   3 0.7698338E+02
   1 0.7718970E+02
   1 0.7710467E+02
   1 0.3813779E+02
   2 0.7723008E+02
   2 0.5118480E+02
   3 0.7709416E+02
   2 0.7659372E+02
   1 0.7692767E+02
   3 0.7694246E+02
   3 0.7751723E+02
   2 0.7710979E+02
   3 0.7750096E+02
   2 0.7773630E+02
   1 0.7713736E+02
   3 0.7636937E+02
   2 0.7688238E+02
   2 0.7754265E+02
   2 0.7667118E+02
   1 0.7670283E+02
   3 0.7733223E+02
   3 0.7666223E+02
   2 0.7740745E+02
   3 0.7703281E+02
   1 0.7741423E+02
   3 0.7649476E+02
   1 0.7698467E+02
   1 0.6213186E+02
   3 0.7707501E+02
   1 0.7746403E+02
   2 0.7705507E+02
   2 0.7721598E+02
   1 0.7704152E+02
   1 0.7742443E+02
   3 0.7636608E+02
   1 0.7691086E+02
   2 0.7682109E+02
   3 0.7698730E+02
   1 0.7774543E+02
   2 0.7686732E+02
   1 0.7662614E+02
   3 0.7771183E+02
   3 0.7672392E+02
   2 0.7716597E+02
   3 0.7638780E+02
   1 0.7665050E+02
   2 0.7668170E+02
   3 0.7766189E+02
   1 0.7778887E+02
   3 0.7742689E+02
   3 0.7677351E+02
   3 0.7749670E+02
   2 0.7714395E+02
   3 0.7680728E+02
   1 0.7691321E+02
   2 0.7781540E+02
   3 0.7671569E+02
   1 0.7736942E+02
   2 0.7665922E+02
   3 0.7666544E+02
   1 0.7656121E+02
   2 0.7749747E+02
   3 0.7729369E+02
   2 0.7778806E+02
   1 0.7672029E+02
   1 0.7786371E+02
   1 0.7657096E+02
   1 0.7708589E+02
   3 0.7704977E+02
   1 0.7741318E+02
   2 0.7676861E+02
   3 0.7707872E+02
   2 0.7670315E+02
   1 0.7663007E+02
   3 0.7648381E+02
   2 0.7741140E+02
   1 0.7743036E+02
   3 0.7666827E+02
   2 0.7708926E+02
   2 0.7755827E+02
   1 0.7703988E+02
   3 0.7714702E+02
   1 0.7699437E+02
   1 0.7021993E+02
   2 0.7692554E+02
   1 0.7661874E+02
   2 0.7700087E+02
   1 0.7741731E+02
   2 0.7742894E+02
   3 0.7756620E+02
   2 0.7755441E+02
   2 0.7752518E+02
   3 0.7690927E+02
   1 0.7709048E+02
   1 0.7834296E+02
   1 0.7650095E+02
   2 0.7725476E+02
   1 0.7666388E+02
   3 0.7705889E+02
   1 0.7744934E+02
   3 0.7699638E+02
   1 0.7798924E+02
   3 0.7747056E+02
   1 0.7707447E+02
   2 0.7729064E+02
   3 0.7678604E+02
   1 0.7741578E+02
   1 0.7801543E+02
   2 0.7686548E+02
   3 0.7795823E+02
   2 0.7707889E+02
   1 0.7751408E+02
   3 0.7617004E+02
   2 0.7714184E+02
   1 0.7741241E+02
   3 0.7726724E+02
   2 0.7695835E+02
   3 0.7757818E+02
   1 0.7732433E+02
   2 0.7733077E+02
   1 0.7632150E+02
   2 0.7359549E+02
   2 0.7258629E+02
   1 0.7711439E+02
   3 0.7721609E+02
   3 0.7720551E+02
   3 0.7677797E+02
   2 0.7734016E+02
   3 0.6577453E+02
   1 0.7692806E+02
   3 0.7631503E+02
   2 0.7734566E+02
   1 0.7732734E+02
   3 0.7733230E+02
   2 0.7703423E+02
   1 0.7694236E+02
   1 0.7703675E+02
   3 0.7721410E+02
   1 0.7742233E+02
   2 0.7696675E+02
   2 0.7672068E+02
   2 0.7790475E+02
   2 0.7798255E+02
   3 0.7681033E+02
   1 0.7764125E+02
   2 0.7658603E+02
   2 0.7643163E+02
   2 0.4036779E+02
   3 0.7706467E+02
   2 0.7583004E+02
   1 0.7678553E+02
   2 0.7765362E+02
   2 0.7745786E+02
   3 0.7664890E+02
   3 0.7741783E+02
   1 0.7734027E+02
   2 0.7725389E+02
   3 0.7765300E+02
   1 0.7662325E+02
   2 0.7719641E+02
   2 0.6539833E+02
   3 0.7716910E+02
   1 0.7746375E+02
   1 0.7756236E+02
   2 0.7720319E+02
   1 0.7699800E+02
   2 0.7719689E+02
   3 0.7657619E+02
   3 0.2530009E+02
   3 0.7714426E+02
   1 0.7686430E+02
   2 0.7650116E+02
   2 0.7761057E+02
   1 0.7584444E+02
   1 0.7703304E+02
   3 0.7708365E+02
   3 0.7769147E+02
   1 0.7673299E+02
   3 0.7633857E+02
   2 0.7710735E+02
   1 0.7671715E+02
   1 0.7672328E+02
   2 0.7667291E+02
   2 0.7579173E+02
   1 0.7730601E+02
   2 0.7792172E+02
   1 0.7722761E+02
   3 0.7737534E+02
   3 0.6620532E+02
   1 0.7665314E+02
   3 0.7746721E+02
   1 0.7683328E+02
   2 0.7743615E+02
   2 0.7764296E+02
   2 0.7711557E+02
   3 0.7701949E+02
   3 0.7712873E+02
   1 0.7704770E+02
   2 0.7694615E+02
   1 0.7821977E+02
   2 0.7739248E+02
   1 0.7678935E+02
   3 0.7793627E+02
   2 0.7700703E+02
   1 0.7737747E+02
