   3 0.8968746E+02
   6 0.8932610E+02
   7 0.8942620E+02
   5 0.8926004E+02
   7 0.8219717E+02
   6 0.8877993E+02
   5 0.8774952E+02
   7 0.5914828E+02
   3 0.8877439E+02
   1 0.8901477E+02
   4 0.8961520E+02
   7 0.8387419E+02
   3 0.8884647E+02
   6 0.8838832E+02
   4 0.8956810E+02
   7 0.8900127E+02
   2 0.8926689E+02
   7 0.8918606E+02
   3 0.8916219E+02
   1 0.8954565E+02
   4 0.8965797E+02
   5 0.8892064E+02
   4 0.6666251E+02
   4 0.8848822E+02
   6 0.8939281E+02
   3 0.8936974E+02
   1 0.8910308E+02
   5 0.8836306E+02
   3 0.8840300E+02
   6 0.8896441E+02
   3 0.8911206E+02
   1 0.8875357E+02
   7 0.8929643E+02
   6 0.8872458E+02
   1 0.8917457E+02
   7 0.7017746E+02
   2 0.8942368E+02
   4 0.8903312E+02
   4 0.8914661E+02
   2 0.8957930E+02
   7 0.8846877E+02
   3 0.8894079E+02
   4 0.8859513E+02
   7 0.8910949E+02
   3 0.8870703E+02
   1 0.8854825E+02
   7 0.8855428E+02
   1 0.8894313E+02
   5 0.8904013E+02
   7 0.8936672E+02
   1 0.8905785E+02
   6 0.8901695E+02
   1 0.8792928E+02
   7 0.8930168E+02
   1 0.8914771E+02
   3 0.8879716E+02
   5 0.8906945E+02
   4 0.8920405E+02
   3 0.8922661E+02
   1 0.8893665E+02
   5 0.8868769E+02
   2 0.8934958E+02
   3 0.8919929E+02
   4 0.8877270E+02
   1 0.8910447E+02
   3 0.8871715E+02
   1 0.8916838E+02
   2 0.8851209E+02
   6 0.8932264E+02
   7 0.8883306E+02
   4 0.8912346E+02
   3 0.8914821E+02
   4 0.7264046E+01
   3 0.1860345E+02
   3 0.7261874E+02
   3 0.7391345E+02
   1 0.8920607E+02
   3 0.8920530E+02
   4 0.8887173E+02
   6 0.8846067E+02
   7 0.8909591E+02
   1 0.8941349E+02
   1 0.9000781E+02
   4 0.8866440E+02
   1 0.8952985E+02
   5 0.8927998E+02
   6 0.5624843E+02
   7 0.8874075E+02
   4 0.8914111E+02
   1 0.8929474E+02
   5 0.8896459E+02
   1 0.8728793E+02
   4 0.8870854E+02
   2 0.8882686E+02
   3 0.8897450E+02
   1 0.8885769E+02
   4 0.8908230E+02
   1 0.8094986E+01
   3 0.8825963E+02
   4 0.8962357E+02
   4 0.8987637E+02
   2 0.8902123E+02
   4 0.8879533E+02
   4 0.8924665E+02
   2 0.8893433E+02
   4 0.8904986E+02
   3 0.8929557E+02
   6 0.8888097E+02
   7 0.8938472E+02
   1 0.8895436E+02
   2 0.8937644E+02
   6 0.1847640E+02
   3 0.8935560E+02
   3 0.8938527E+02
   5 0.8960882E+02
   1 0.8852334E+02
   2 0.8843511E+02
   6 0.8956443E+02
   3 0.8983693E+02
   2 0.5226856E+02
   5 0.8957106E+02
   1 0.8819028E+02
   2 0.6335609E+02
   6 0.8930473E+02
   4 0.8890335E+02
   5 0.8910980E+02
   4 0.1553855E+02
   6 0.8938807E+02
   6 0.8841410E+02
   3 0.8906603E+02
   5 0.8884031E+02
   3 0.3532534E+02
   7 0.8934967E+02
   3 0.8947217E+02
   1 0.8902612E+02
   5 0.8935279E+02
   6 0.8824505E+02
   3 0.8866316E+02
   1 0.8895637E+02
   3 0.8884576E+02
   5 0.8947590E+02
   4 0.8913167E+02
   6 0.8857227E+02
   4 0.8895369E+02
   5 0.8955938E+02
   6 0.8895359E+02
   2 0.8914236E+02
   2 0.7820471E+02
   1 0.8925966E+02
   3 0.8970146E+02
   6 0.8871346E+02
   3 0.8976274E+02
   7 0.8876772E+02
   3 0.8830874E+02
   6 0.8897681E+02
   4 0.8872671E+02
   4 0.7627162E+02
   4 0.4931633E+02
   7 0.8869232E+02
   1 0.8914509E+02
   6 0.8894770E+02
   6 0.1772196E+02
   3 0.8894549E+02
   3 0.8828782E+02
   5 0.8938012E+02
   2 0.8866764E+02
   4 0.8869235E+02
   1 0.8886761E+02
   1 0.8892359E+02
   1 0.8772377E+02
   3 0.8958353E+02
   7 0.8938824E+02
   3 0.7846096E+02
   1 0.8868741E+02
   7 0.8974292E+02
   3 0.8861333E+02
   4 0.8973035E+02
   6 0.8882651E+02
   1 0.8928914E+02
   3 0.9005736E+02
   7 0.8846104E+02
   6 0.8912864E+02
   6 0.2282459E+02
   7 0.8952758E+02
   5 0.8942949E+02
   7 0.8978729E+02
   2 0.8912804E+02
   6 0.8901473E+02
   5 0.8960498E+02
   4 0.8910617E+02
   3 0.8965986E+02
   1 0.8924974E+02
   4 0.8963314E+02
   7 0.8831418E+02
   2 0.8828021E+02
   1 0.8828841E+02
   4 0.8966700E+02
   3 0.8922601E+02
   5 0.8860796E+02
   2 0.8967320E+02
   3 0.8930680E+02
   3 0.8963077E+02
   2 0.8790742E+02
   5 0.8852056E+02
   5 0.8968309E+02
   1 0.8877964E+02
   4 0.8896550E+02
   6 0.8926819E+02
   6 0.5395113E+02
   3 0.8925262E+02
   7 0.8916241E+02
   1 0.8882237E+02
   5 0.8856547E+02
   3 0.8906905E+02
   3 0.8996993E+02
   1 0.8890918E+02
   3 0.8836941E+02
   5 0.8871070E+02
   7 0.8945836E+02
   1 0.8857065E+02
   5 0.2619305E+02
   4 0.8903651E+02
   1 0.8856232E+02
   4 0.9010898E+02
   7 0.8872473E+02
   5 0.8900217E+02
   1 0.8894779E+02
   2 0.8935871E+02
   4 0.8881185E+02
   1 0.7378283E+02
   3 0.8962516E+02
   6 0.8867671E+02
   4 0.8889652E+02
   7 0.8888479E+02
   4 0.8929157E+02
   7 0.8815526E+02
   1 0.8907333E+02
   3 0.8947524E+02
   1 0.8842046E+02
   3 0.8936726E+02
   4 0.8887253E+02
   5 0.8877324E+02
   2 0.8914147E+02
   6 0.8904023E+02
   2 0.6525187E+02
   3 0.8978794E+02
   1 0.8934547E+02
   3 0.8921556E+02
   7 0.8910366E+02
   2 0.8934089E+02
   1 0.5491642E+02
   7 0.5359548E+02
   3 0.8933496E+02
   1 0.8573877E+02
   3 0.7704809E+02
   4 0.8929457E+02
   1 0.8948675E+02
   1 0.9011420E+02
   7 0.8962632E+02
   3 0.8877437E+02
   2 0.8238097E+02
   4 0.8934966E+02
   3 0.8901235E+02
   1 0.8824023E+02
   4 0.8914556E+02
   2 0.9006304E+02
   3 0.8337875E+02
   1 0.8899002E+02
   3 0.8975060E+02
   6 0.8936718E+02
   5 0.8879260E+02
   6 0.8857488E+02
   4 0.8868537E+02
   3 0.8938273E+02
   7 0.8898992E+02
   1 0.8976887E+02
   4 0.8904348E+02
   3 0.8849540E+02
   4 0.8887064E+02
   6 0.8838033E+02
   3 0.8895451E+02
   4 0.8888625E+02
   3 0.8930387E+02
   3 0.8981330E+02
   2 0.8886377E+02
   1 0.8948203E+02
   1 0.8869181E+02
   5 0.8935338E+02
   4 0.8891842E+02
   3 0.8890735E+02
   7 0.8936987E+02
   4 0.8892536E+02
   4 0.6587081E+02
   6 0.8886361E+02
   5 0.8969336E+02
   7 0.8968549E+02
   4 0.8928649E+02
   1 0.8920955E+02
   7 0.8820085E+02
   3 0.8907489E+02
   6 0.8855607E+02
   1 0.8930882E+02
   2 0.8890566E+02
   3 0.8916812E+02
   6 0.8901443E+02
   1 0.8913547E+02
   3 0.8907039E+02
   3 0.8968649E+02
   4 0.8869497E+02
   1 0.8874731E+02
   3 0.8932504E+02
   4 0.8906924E+02
   1 0.8903740E+02
   4 0.9035369E+02
   3 0.8876429E+02
   3 0.4523816E+02
   3 0.8988829E+02
   5 0.8910550E+02
   3 0.8837078E+02
   7 0.8924631E+02
   3 0.8851484E+02
   5 0.8847709E+02
   3 0.2054593E+02
   1 0.8931642E+02
   3 0.8884863E+02
   2 0.8958728E+02
   5 0.8870829E+02
   4 0.8914732E+02
   6 0.8917869E+02
   1 0.7413121E+02
   4 0.8848862E+02
   6 0.8704540E+02
   1 0.8858827E+02
   5 0.8841397E+02
   2 0.8912412E+02
   5 0.8956791E+02
   2 0.8991831E+02
   5 0.8895474E+02
   3 0.8876917E+02
   7 0.8898613E+02
   3 0.8912131E+02
   5 0.8913933E+02
   3 0.8942153E+02
   3 0.5392544E+02
   4 0.8928611E+02
   1 0.8885187E+02
   7 0.8836494E+02
   4 0.8848183E+02
   5 0.8932144E+02
   1 0.8931118E+02
   7 0.8947393E+02
   6 0.8918639E+02
   4 0.8866931E+02
   1 0.8866802E+02
   5 0.8890373E+02
   7 0.8893985E+02
   1 0.8889940E+02
   6 0.6737748E+02
   3 0.8873888E+02
   5 0.8901461E+02
   5 0.6084027E+02
   5 0.4429147E+02
   6 0.8882471E+02
   6 0.3065707E+02
   5 0.9017218E+02
   2 0.8938443E+02
   4 0.8932830E+02
   5 0.8908805E+02
   2 0.8888480E+02
   1 0.8916241E+02
   3 0.8921778E+02
   2 0.8922622E+02
   7 0.8926488E+02
   4 0.8871792E+02
   4 0.8900203E+02
   3 0.8906070E+02
   6 0.8882703E+02
   1 0.8914425E+02
   4 0.8893957E+02
   6 0.8953069E+02
   4 0.8874892E+02
   1 0.8920895E+02
   1 0.8902281E+02
   4 0.8911840E+02
   1 0.8903392E+02
   6 0.8877310E+02
   1 0.8343750E+02
   6 0.8946382E+02
   5 0.8927180E+02
   3 0.8934814E+02
   1 0.8861239E+02
   7 0.8921794E+02
   2 0.8895091E+02
   3 0.8841966E+02
   7 0.8957425E+02
   6 0.8825770E+02
   1 0.8957732E+02
   3 0.8886185E+02
   2 0.8953441E+02
   3 0.8945990E+02
   4 0.8938610E+02
   2 0.7278364E+02
   3 0.8887614E+02
   7 0.8897191E+02
   4 0.8872309E+02
   7 0.8948904E+02
   2 0.8915225E+02
   1 0.8903823E+02
   7 0.8916724E+02
   3 0.8901876E+02
   1 0.8878263E+02
   3 0.8930578E+02
   5 0.8919459E+02
   4 0.8943712E+02
   3 0.8863889E+02
   6 0.8872833E+02
   4 0.4760384E+02
   4 0.8822554E+02
   5 0.8937796E+02
   4 0.8872246E+02
   1 0.8919134E+02
   6 0.8876647E+02
   6 0.2602950E+02
   1 0.8991331E+02
   6 0.5694849E+02
   3 0.8917942E+02
   2 0.8869800E+02
   6 0.8836090E+02
   7 0.8902105E+02
   1 0.8855055E+02
   1 0.8912656E+02
   6 0.8847154E+02
   4 0.8936561E+02
   2 0.8868908E+02
   7 0.8946866E+02
   1 0.8894664E+02
   4 0.8880421E+02
   3 0.8956193E+02
   4 0.8856728E+02
   1 0.8887575E+02
   4 0.4523667E+02
   3 0.8865300E+02
   7 0.8920312E+02
   5 0.8887198E+02
   4 0.8975875E+02
   3 0.8890546E+02
   4 0.1857231E+02
   1 0.8923924E+02
   5 0.5888568E+02
   3 0.4441503E+02
   7 0.8898674E+02
   3 0.8965149E+02
   1 0.8980205E+02
   3 0.8923119E+02
   7 0.2180922E+02
   5 0.8904893E+02
   3 0.1590392E+02
   3 0.8838584E+02
   1 0.8923049E+02
   7 0.8854063E+02
   7 0.8876799E+02
   3 0.8939036E+02
   1 0.8867861E+02
   6 0.8904206E+02
   3 0.8608711E+02
   1 0.8876001E+02
   4 0.8932780E+02
   2 0.8932374E+02
   4 0.8966269E+02
   4 0.8367805E+02
   2 0.8974635E+02
   4 0.8955734E+02
   4 0.8925589E+02
   4 0.8916738E+02
   3 0.8925757E+02
   3 0.8611697E+02
   1 0.8929115E+02
   3 0.8837492E+02
   1 0.8549999E+02
   3 0.8903183E+02
   5 0.8891176E+02
   7 0.8921077E+02
   5 0.8921412E+02
   1 0.8854307E+02
   6 0.8944704E+02
   7 0.4789145E+02
   4 0.8880454E+02
   5 0.8893918E+02
   6 0.8896360E+02
   4 0.8846472E+02
   7 0.8850662E+02
   2 0.8928260E+02
   5 0.8922747E+02
   3 0.8908263E+02
   4 0.8975349E+02
   6 0.8904700E+02
   7 0.8991043E+02
   1 0.8897847E+02
   3 0.8867813E+02
   6 0.8950927E+02
   2 0.8964447E+02
   4 0.8932638E+02
   5 0.8851460E+02
   1 0.8873491E+02
   6 0.8860137E+02
   2 0.8847355E+02
   5 0.8875502E+02
   6 0.8888222E+02
   1 0.8892981E+02
   3 0.8884875E+02
   2 0.8954171E+02
   6 0.8879042E+02
   3 0.8881285E+02
   4 0.8904300E+02
   5 0.8868589E+02
   3 0.8928146E+02
   6 0.8950603E+02
   2 0.8892880E+02
   5 0.8966314E+02
   3 0.8891107E+02
   4 0.8887635E+02
   7 0.8928913E+02
   3 0.8910167E+02
   1 0.8953420E+02
   3 0.8916464E+02
   5 0.8851743E+02
   3 0.8884761E+02
   1 0.8913118E+02
   3 0.8884699E+02
   1 0.8867965E+02
   5 0.8947661E+02
   3 0.8904967E+02
   4 0.8872319E+02
   5 0.8891180E+02
   6 0.8901421E+02
   7 0.8888812E+02
   5 0.8890368E+02
   3 0.8938807E+02
   1 0.8944345E+02
   6 0.8864205E+02
   2 0.8880866E+02
   1 0.8894027E+02
   5 0.8968907E+02
   7 0.8928039E+02
   4 0.8905660E+02
   6 0.8856178E+02
   1 0.8898378E+02
   4 0.8919278E+02
   7 0.6209153E+01
   6 0.8930206E+02
   1 0.8899104E+02
   5 0.8984259E+02
   3 0.8966386E+02
   5 0.8980236E+02
   1 0.8853212E+02
   3 0.2190427E+02
   1 0.7612792E+02
   3 0.8842245E+02
   4 0.8913243E+02
   5 0.8864821E+02
   4 0.8879373E+02
   5 0.5457987E+02
   5 0.8948490E+02
   2 0.8900518E+02
   1 0.8908467E+02
   7 0.8932135E+02
   3 0.8929107E+02
   6 0.8882224E+02
   1 0.8895436E+02
   1 0.8882277E+02
   3 0.8831641E+02
   7 0.8885375E+02
   3 0.8880364E+02
   4 0.8945471E+02
   3 0.8943357E+02
   4 0.8867625E+02
   3 0.8924423E+02
   7 0.7966783E+01
   1 0.8880750E+02
   7 0.8880675E+02
   5 0.8917568E+02
   7 0.8875861E+02
   6 0.8878112E+02
   3 0.8908523E+02
   2 0.8922048E+02
   4 0.8888316E+02
   7 0.8935741E+02
   4 0.8939813E+02
   7 0.8741367E+02
   1 0.8912687E+02
   6 0.8943259E+02
   1 0.8855626E+02
   1 0.8890122E+02
   3 0.8906262E+02
   1 0.8893530E+02
   3 0.8936818E+02
   3 0.8944106E+02
   6 0.8874229E+02
   4 0.8927306E+02
   5 0.8883717E+02
   1 0.8907779E+02
   2 0.8935583E+02
   5 0.4585363E+02
   3 0.8880159E+02
   7 0.8890149E+02
   3 0.8948139E+02
   4 0.8947725E+02
   5 0.8939947E+02
   3 0.8877680E+02
   7 0.8854255E+02
   3 0.8838498E+02
   6 0.8859282E+02
   7 0.8888461E+02
   4 0.8860930E+02
   5 0.8935537E+02
   4 0.8880084E+02
   7 0.4382285E+02
   1 0.8951108E+02
   6 0.8907770E+02
   5 0.8833636E+02
   1 0.9005237E+02
   1 0.5776387E+02
   1 0.8811515E+02
   5 0.8863589E+02
   3 0.8919980E+02
   1 0.8928549E+02
   6 0.8867870E+02
   3 0.8947045E+02
   3 0.8325710E+02
   1 0.8849743E+02
   2 0.8924009E+02
   6 0.8893508E+02
   4 0.8929837E+02
   1 0.8908787E+02
   1 0.8911042E+02
   6 0.8956492E+02
   2 0.5068822E+02
   4 0.8863448E+02
   1 0.8908795E+02
   7 0.8875730E+02
   2 0.8991499E+02
   6 0.8891757E+02
   3 0.8958393E+02
   1 0.8905337E+02
   6 0.8978297E+02
   6 0.5734456E+02
   1 0.8807746E+02
   3 0.8886979E+02
   7 0.8843261E+02
   3 0.8904554E+02
   4 0.8890981E+02
   1 0.8814837E+02
   3 0.8934254E+02
   5 0.8908453E+02
   6 0.8817514E+02
   3 0.5081895E+02
   1 0.8889718E+02
   1 0.8969317E+02
   5 0.8921564E+02
   1 0.8955215E+02
   6 0.8919270E+02
   3 0.8912438E+02
   4 0.8911279E+02
   2 0.8848045E+02
   6 0.8920891E+02
   7 0.8937927E+02
   6 0.8920347E+02
   4 0.8840143E+02
   6 0.8946507E+02
   1 0.8919938E+02
   7 0.8933433E+02
   3 0.8883755E+02
   1 0.8856615E+02
   3 0.8900306E+02
   4 0.8938240E+02
   5 0.8958350E+02
   2 0.8907261E+02
   1 0.8907887E+02
   1 0.8883079E+02
   3 0.8942314E+02
   6 0.8916737E+02
   2 0.8914285E+02
   1 0.8918341E+02
   4 0.8890202E+02
   7 0.8921400E+02
   2 0.6987157E+02
   7 0.8919916E+02
   3 0.8961126E+02
   5 0.8960136E+02
   3 0.8857122E+02
   7 0.8843338E+02
   1 0.8917894E+02
   4 0.8946113E+02
   3 0.8901737E+02
   1 0.8922591E+02
   5 0.8887054E+02
   3 0.8941211E+02
   6 0.8926868E+02
   1 0.8901625E+02
   3 0.8904070E+02
   3 0.8943309E+02
   5 0.8956275E+02
   1 0.8833885E+02
   6 0.8926318E+02
   1 0.8948982E+02
   2 0.8888489E+02
   1 0.8976725E+02
   6 0.8940695E+02
   4 0.8941634E+02
   1 0.8931886E+02
   6 0.8004559E+02
   2 0.9009563E+02
   7 0.8923595E+02
   1 0.8912323E+02
   4 0.8897324E+02
   3 0.8907348E+02
   1 0.8913663E+02
   6 0.8930248E+02
   4 0.8896982E+02
   3 0.8929135E+02
   1 0.8910551E+02
   2 0.8888485E+02
   6 0.8935994E+02
   3 0.8874033E+02
   1 0.8872049E+02
   2 0.8867566E+02
   6 0.8883347E+02
   1 0.8933928E+02
   1 0.1402003E+02
   5 0.8923997E+02
   2 0.8948398E+02
   1 0.8897861E+02
   6 0.8907556E+02
   2 0.7686769E+02
   4 0.8909000E+02
   1 0.8947800E+02
   3 0.8917073E+02
   4 0.8971459E+02
   2 0.8880172E+02
   7 0.8884171E+02
   6 0.8876010E+02
   6 0.8895997E+02
   2 0.8825858E+02
   2 0.8883237E+02
   3 0.8875470E+02
   6 0.8943385E+02
   1 0.8939905E+02
   4 0.8927797E+02
   5 0.8953605E+02
   3 0.8910479E+02
   7 0.8916304E+02
   3 0.8915508E+02
   1 0.8929321E+02
   5 0.8840372E+02
   7 0.8944816E+02
   4 0.8915349E+02
   3 0.8991023E+02
   5 0.2264990E+02
   4 0.8945694E+02
   6 0.8907867E+02
   5 0.8845059E+02
   2 0.8905358E+02
   3 0.8870635E+02
   1 0.8890065E+02
   1 0.8935516E+02
   1 0.4317529E+02
   4 0.8907809E+02
   1 0.8786882E+02
   7 0.8957887E+02
   4 0.8853613E+02
   4 0.8904793E+02
   7 0.8931046E+02
   6 0.8920897E+02
   3 0.8892269E+02
   7 0.8955456E+02
   3 0.8931935E+02
   4 0.8939415E+02
   3 0.8881358E+02
   4 0.8960571E+02
   3 0.8930714E+02
   4 0.8953090E+02
   3 0.2457345E+02
   1 0.8869618E+02
   5 0.8902212E+02
   2 0.8850944E+02
   4 0.8915775E+02
   3 0.8930563E+02
   1 0.8897951E+02
   5 0.8484588E+02
   3 0.8874462E+02
   4 0.8891350E+02
   1 0.8910464E+02
   2 0.8810442E+02
   4 0.8779667E+02
   3 0.8875829E+02
   1 0.6149525E+02
   4 0.8979022E+02
   3 0.8872435E+02
   5 0.8860519E+02
   6 0.8902640E+02
   5 0.8901009E+02
   3 0.8912269E+02
   7 0.8913909E+02
   5 0.8888063E+02
   1 0.8889005E+02
   4 0.8898989E+02
   1 0.8855784E+02
   3 0.8935126E+02
   4 0.8917408E+02
   1 0.8890518E+02
   1 0.8922561E+02
   2 0.8896559E+02
   4 0.8901065E+02
   1 0.8905209E+02
   4 0.8906403E+02
   6 0.8904606E+02
   1 0.8899285E+02
   7 0.8923362E+02
   6 0.7333620E+02
   2 0.8856722E+02
   4 0.8922596E+02
   1 0.9001018E+02
   3 0.8897730E+02
   3 0.8966317E+02
   6 0.8997964E+02
   4 0.8823749E+02
   1 0.8927744E+02
   3 0.4272151E+02
   4 0.8923796E+02
   2 0.8440918E+02
   6 0.8895122E+02
   5 0.8915679E+02
   6 0.8819223E+02
   5 0.8599420E+02
   6 0.8904830E+02
   2 0.8900589E+02
   3 0.8935845E+02
   1 0.8890154E+02
   4 0.8905136E+02
   7 0.8866214E+02
   1 0.8909665E+02
   4 0.8423551E+02
   4 0.8926640E+02
   1 0.8858645E+02
   4 0.2379669E+02
   7 0.8929527E+02
   1 0.8933071E+02
   4 0.8895712E+02
   1 0.8573615E+02
   3 0.8877872E+02
   7 0.8854897E+02
   4 0.8961625E+02
   3 0.8863501E+02
   1 0.8895483E+02
   6 0.8983347E+02
   1 0.8135618E+02
   4 0.8912555E+02
   3 0.8906632E+02
   3 0.8940003E+02
   1 0.8874748E+02
   4 0.8832087E+02
   3 0.8896161E+02
   1 0.7238723E+02
   6 0.8839788E+02
   5 0.8932180E+02
   1 0.8961121E+02
   2 0.8890059E+02
   4 0.8867853E+02
   3 0.8835468E+02
   4 0.8869856E+02
   4 0.5038159E+02
   3 0.8932334E+02
   3 0.8846847E+02
   7 0.8916467E+02
   3 0.8868691E+02
   3 0.8953719E+02
   1 0.8918135E+02
   1 0.8976973E+02
   7 0.8900883E+02
   1 0.1401757E+02
   3 0.8822853E+02
   4 0.8885689E+02
   1 0.8929210E+02
   6 0.8885008E+02
   7 0.8929558E+02
   3 0.8888803E+02
   4 0.8872082E+02
   4 0.8818200E+02
   5 0.8881295E+02
   7 0.8899249E+02
   4 0.8973533E+02
   2 0.8894096E+02
   5 0.8864755E+02
   1 0.8899711E+02
   7 0.8935490E+02
   3 0.8918653E+02
   1 0.8901015E+02
   5 0.8894559E+02
   7 0.8958110E+02
   3 0.8846545E+02
   1 0.8960518E+02
   3 0.8933296E+02
   6 0.8910318E+02
   1 0.3909733E+02
   3 0.2150114E+02
   4 0.8884199E+02
   5 0.8892986E+02
   3 0.8965814E+02
   3 0.8354620E+02
   3 0.8973148E+02
   3 0.8908218E+02
   3 0.8867571E+02
   3 0.5698416E+02
   3 0.8916238E+02
   2 0.8895014E+02
   1 0.8836777E+02
   4 0.8920989E+02
   3 0.8895128E+02
   4 0.8848770E+02
   1 0.8851393E+02
   7 0.8924194E+02
   3 0.8873394E+02
   3 0.8958173E+02
   1 0.8950388E+02
   4 0.8939353E+02
   6 0.8894835E+02
   3 0.3745315E+02
   7 0.8840196E+02
   1 0.8763894E+02
   3 0.8976013E+02
   6 0.8935648E+02
   1 0.8913826E+02
   5 0.8909398E+02
   7 0.8812215E+02
   5 0.8926758E+02
   6 0.8868324E+02
   4 0.8908732E+02
   3 0.8914763E+02
   5 0.8908410E+02
   4 0.8953823E+02
   2 0.8893131E+02
   3 0.8900629E+02
   1 0.8911248E+02
   4 0.8887239E+02
   3 0.8911960E+02
   3 0.5898007E+02
   4 0.8824589E+02
   5 0.8876408E+02
   2 0.8861685E+02
   3 0.8910841E+02
   2 0.8931512E+02
   5 0.8874890E+02
   2 0.8873686E+02
   7 0.8932943E+02
   6 0.8902212E+02
   1 0.8913493E+02
   2 0.8889972E+02
   7 0.8887049E+02
   1 0.8827261E+02
   6 0.9027893E+02
   7 0.8537788E+02
   1 0.8911122E+02
   4 0.8947784E+02
   3 0.8942095E+02
   3 0.8924433E+02
   3 0.8876194E+02
   7 0.8893182E+02
   3 0.7588905E+02
   3 0.8826771E+02
   7 0.7516956E+02
   3 0.8892828E+02
   1 0.8884855E+02
   4 0.8927622E+02
   7 0.8871871E+02
   7 0.7459973E+02
   4 0.8922673E+02
   5 0.8920722E+02
   7 0.8896753E+02
   4 0.8955040E+02
   6 0.8868846E+02
   5 0.8902103E+02
   2 0.8886874E+02
   4 0.8804591E+02
   3 0.8926348E+02
   4 0.8901799E+02
   3 0.8695791E+02
   2 0.8284359E+02
   4 0.8945751E+02
   3 0.8927474E+02
   4 0.8877716E+02
   1 0.8941493E+02
   3 0.8834099E+02
   4 0.8910500E+02
   1 0.8853332E+02
   3 0.8878850E+02
   7 0.8879193E+02
   6 0.8938891E+02
   4 0.8873858E+02
   5 0.8945646E+02
   2 0.8865213E+02
